FNA2AA/raxmlboot.4032.50sites/RAxML_info.best:Base frequencies: 0.323 0.183 0.263 0.231 
FNA2AA/raxmlboot.4048.50sites/RAxML_info.best:Base frequencies: 0.290 0.211 0.242 0.257 
FNA2AA/raxmlboot.4103.50sites/RAxML_info.best:Base frequencies: 0.230 0.226 0.238 0.307 
FNA2AA/raxmlboot.4218.50sites/RAxML_info.best:Base frequencies: 0.261 0.216 0.261 0.262 
FNA2AA/raxmlboot.4234.50sites/RAxML_info.best:Base frequencies: 0.227 0.215 0.296 0.262 
FNA2AA/raxmlboot.4308.50sites/RAxML_info.best:Base frequencies: 0.259 0.236 0.248 0.257 
FNA2AA/raxmlboot.4321.50sites/RAxML_info.best:Base frequencies: 0.263 0.210 0.274 0.253 
FNA2AA/raxmlboot.4474.50sites/RAxML_info.best:Base frequencies: 0.258 0.214 0.278 0.250 
FNA2AA/raxmlboot.4478.50sites/RAxML_info.best:Base frequencies: 0.274 0.224 0.252 0.249 
FNA2AA/raxmlboot.4490.50sites/RAxML_info.best:Base frequencies: 0.294 0.199 0.254 0.253 
FNA2AA/raxmlboot.4524.50sites/RAxML_info.best:Base frequencies: 0.260 0.213 0.272 0.256 
FNA2AA/raxmlboot.4533.50sites/RAxML_info.best:Base frequencies: 0.318 0.191 0.289 0.202 
FNA2AA/raxmlboot.4547.50sites/RAxML_info.best:Base frequencies: 0.279 0.209 0.260 0.252 
FNA2AA/raxmlboot.4548.50sites/RAxML_info.best:Base frequencies: 0.290 0.202 0.262 0.247 
FNA2AA/raxmlboot.4579.50sites/RAxML_info.best:Base frequencies: 0.250 0.229 0.255 0.265 
FNA2AA/raxmlboot.4599.50sites/RAxML_info.best:Base frequencies: 0.260 0.209 0.266 0.265 
FNA2AA/raxmlboot.4623.50sites/RAxML_info.best:Base frequencies: 0.217 0.276 0.285 0.223 
FNA2AA/raxmlboot.4637.50sites/RAxML_info.best:Base frequencies: 0.257 0.207 0.270 0.266 
FNA2AA/raxmlboot.4638.50sites/RAxML_info.best:Base frequencies: 0.274 0.215 0.254 0.257 
FNA2AA/raxmlboot.4685.50sites/RAxML_info.best:Base frequencies: 0.286 0.193 0.274 0.247 
FNA2AA/raxmlboot.4729.50sites/RAxML_info.best:Base frequencies: 0.279 0.204 0.256 0.261 
FNA2AA/raxmlboot.4745.50sites/RAxML_info.best:Base frequencies: 0.288 0.199 0.268 0.245 
FNA2AA/raxmlboot.4777.50sites/RAxML_info.best:Base frequencies: 0.333 0.167 0.290 0.210 
FNA2AA/raxmlboot.4823.50sites/RAxML_info.best:Base frequencies: 0.247 0.209 0.286 0.258 
FNA2AA/raxmlboot.4886.50sites/RAxML_info.best:Base frequencies: 0.271 0.212 0.268 0.249 
FNA2AA/raxmlboot.4914.50sites/RAxML_info.best:Base frequencies: 0.258 0.216 0.279 0.247 
FNA2AA/raxmlboot.4932.50sites/RAxML_info.best:Base frequencies: 0.314 0.178 0.275 0.234 
FNA2AA/raxmlboot.4955.50sites/RAxML_info.best:Base frequencies: 0.269 0.207 0.255 0.269 
FNA2AA/raxmlboot.4975.50sites/RAxML_info.best:Base frequencies: 0.253 0.219 0.266 0.262 
FNA2AA/raxmlboot.4982.50sites/RAxML_info.best:Base frequencies: 0.254 0.247 0.236 0.264 
FNA2AA/raxmlboot.5034.50sites/RAxML_info.best:Base frequencies: 0.270 0.231 0.269 0.231 
FNA2AA/raxmlboot.5041.50sites/RAxML_info.best:Base frequencies: 0.269 0.220 0.283 0.227 
FNA2AA/raxmlboot.5062.50sites/RAxML_info.best:Base frequencies: 0.255 0.209 0.291 0.245 
FNA2AA/raxmlboot.5063.50sites/RAxML_info.best:Base frequencies: 0.243 0.238 0.237 0.282 
FNA2AA/raxmlboot.5068.50sites/RAxML_info.best:Base frequencies: 0.248 0.225 0.239 0.287 
FNA2AA/raxmlboot.5075.50sites/RAxML_info.best:Base frequencies: 0.262 0.213 0.273 0.251 
FNA2AA/raxmlboot.5081.50sites/RAxML_info.best:Base frequencies: 0.201 0.256 0.291 0.253 
FNA2AA/raxmlboot.5086.50sites/RAxML_info.best:Base frequencies: 0.279 0.218 0.246 0.256 
FNA2AA/raxmlboot.5087.50sites/RAxML_info.best:Base frequencies: 0.244 0.205 0.292 0.259 
FNA2AA/raxmlboot.5088.50sites/RAxML_info.best:Base frequencies: 0.284 0.219 0.267 0.230 
FNA2AA/raxmlboot.5091.50sites/RAxML_info.best:Base frequencies: 0.261 0.216 0.301 0.222 
FNA2AA/raxmlboot.5092.50sites/RAxML_info.best:Base frequencies: 0.225 0.238 0.280 0.257 
FNA2AA/raxmlboot.5096.50sites/RAxML_info.best:Base frequencies: 0.256 0.196 0.309 0.239 
FNA2AA/raxmlboot.5097.50sites/RAxML_info.best:Base frequencies: 0.241 0.236 0.240 0.284 
FNA2AA/raxmlboot.5103.50sites/RAxML_info.best:Base frequencies: 0.330 0.191 0.264 0.214 
FNA2AA/raxmlboot.5111.50sites/RAxML_info.best:Base frequencies: 0.265 0.223 0.251 0.262 
FNA2AA/raxmlboot.5116.50sites/RAxML_info.best:Base frequencies: 0.238 0.223 0.240 0.300 
FNA2AA/raxmlboot.5148.50sites/RAxML_info.best:Base frequencies: 0.252 0.207 0.268 0.272 
FNA2AA/raxmlboot.5154.50sites/RAxML_info.best:Base frequencies: 0.297 0.213 0.233 0.256 
FNA2AA/raxmlboot.5161.50sites/RAxML_info.best:Base frequencies: 0.258 0.227 0.268 0.248 
FNA2AA/raxmlboot.5165.50sites/RAxML_info.best:Base frequencies: 0.269 0.211 0.252 0.267 
FNA2AA/raxmlboot.5170.50sites/RAxML_info.best:Base frequencies: 0.298 0.202 0.252 0.248 
FNA2AA/raxmlboot.5172.50sites/RAxML_info.best:Base frequencies: 0.280 0.208 0.262 0.251 
FNA2AA/raxmlboot.5175.50sites/RAxML_info.best:Base frequencies: 0.268 0.201 0.275 0.256 
FNA2AA/raxmlboot.5188.50sites/RAxML_info.best:Base frequencies: 0.349 0.222 0.228 0.201 
FNA2AA/raxmlboot.5206.50sites/RAxML_info.best:Base frequencies: 0.257 0.215 0.247 0.281 
FNA2AA/raxmlboot.5226.50sites/RAxML_info.best:Base frequencies: 0.297 0.196 0.272 0.236 
FNA2AA/raxmlboot.5229.50sites/RAxML_info.best:Base frequencies: 0.273 0.213 0.254 0.260 
FNA2AA/raxmlboot.5233.50sites/RAxML_info.best:Base frequencies: 0.277 0.229 0.253 0.242 
FNA2AA/raxmlboot.5248.50sites/RAxML_info.best:Base frequencies: 0.242 0.255 0.289 0.214 
FNA2AA/raxmlboot.5270.50sites/RAxML_info.best:Base frequencies: 0.257 0.232 0.258 0.254 
FNA2AA/raxmlboot.5276.50sites/RAxML_info.best:Base frequencies: 0.249 0.230 0.245 0.276 
FNA2AA/raxmlboot.5279.50sites/RAxML_info.best:Base frequencies: 0.267 0.191 0.272 0.271 
FNA2AA/raxmlboot.5286.50sites/RAxML_info.best:Base frequencies: 0.252 0.213 0.238 0.297 
FNA2AA/raxmlboot.5294.50sites/RAxML_info.best:Base frequencies: 0.214 0.251 0.242 0.293 
FNA2AA/raxmlboot.5301.50sites/RAxML_info.best:Base frequencies: 0.258 0.216 0.269 0.258 
FNA2AA/raxmlboot.5304.50sites/RAxML_info.best:Base frequencies: 0.244 0.201 0.288 0.267 
FNA2AA/raxmlboot.5306.50sites/RAxML_info.best:Base frequencies: 0.296 0.208 0.259 0.237 
FNA2AA/raxmlboot.5310.50sites/RAxML_info.best:Base frequencies: 0.276 0.216 0.248 0.261 
FNA2AA/raxmlboot.5326.50sites/RAxML_info.best:Base frequencies: 0.270 0.198 0.289 0.244 
FNA2AA/raxmlboot.5331.50sites/RAxML_info.best:Base frequencies: 0.268 0.269 0.193 0.269 
FNA2AA/raxmlboot.5333.50sites/RAxML_info.best:Base frequencies: 0.303 0.178 0.285 0.234 
FNA2AA/raxmlboot.5334.50sites/RAxML_info.best:Base frequencies: 0.269 0.216 0.256 0.258 
FNA2AA/raxmlboot.5336.50sites/RAxML_info.best:Base frequencies: 0.249 0.227 0.261 0.263 
FNA2AA/raxmlboot.5338.50sites/RAxML_info.best:Base frequencies: 0.324 0.182 0.307 0.187 
FNA2AA/raxmlboot.5353.50sites/RAxML_info.best:Base frequencies: 0.225 0.229 0.257 0.289 
FNA2AA/raxmlboot.5358.50sites/RAxML_info.best:Base frequencies: 0.295 0.212 0.248 0.245 
FNA2AA/raxmlboot.5367.50sites/RAxML_info.best:Base frequencies: 0.266 0.211 0.250 0.273 
FNA2AA/raxmlboot.5375.50sites/RAxML_info.best:Base frequencies: 0.316 0.202 0.265 0.216 
FNA2AA/raxmlboot.5384.50sites/RAxML_info.best:Base frequencies: 0.238 0.240 0.247 0.275 
FNA2AA/raxmlboot.5385.50sites/RAxML_info.best:Base frequencies: 0.321 0.199 0.299 0.181 
FNA2AA/raxmlboot.5425.50sites/RAxML_info.best:Base frequencies: 0.265 0.236 0.242 0.257 
FNA2AA/raxmlboot.5427.50sites/RAxML_info.best:Base frequencies: 0.226 0.217 0.240 0.317 
FNA2AA/raxmlboot.5430.50sites/RAxML_info.best:Base frequencies: 0.257 0.210 0.265 0.268 
FNA2AA/raxmlboot.5460.50sites/RAxML_info.best:Base frequencies: 0.272 0.215 0.265 0.248 
FNA2AA/raxmlboot.5462.50sites/RAxML_info.best:Base frequencies: 0.258 0.201 0.284 0.258 
FNA2AA/raxmlboot.5463.50sites/RAxML_info.best:Base frequencies: 0.267 0.210 0.242 0.280 
FNA2AA/raxmlboot.5475.50sites/RAxML_info.best:Base frequencies: 0.278 0.224 0.258 0.241 
FNA2AA/raxmlboot.5479.50sites/RAxML_info.best:Base frequencies: 0.255 0.245 0.264 0.235 
FNA2AA/raxmlboot.5484.50sites/RAxML_info.best:Base frequencies: 0.270 0.221 0.247 0.262 
FNA2AA/raxmlboot.5488.50sites/RAxML_info.best:Base frequencies: 0.284 0.210 0.271 0.236 
FNA2AA/raxmlboot.5494.50sites/RAxML_info.best:Base frequencies: 0.268 0.208 0.253 0.271 
FNA2AA/raxmlboot.5498.50sites/RAxML_info.best:Base frequencies: 0.262 0.203 0.279 0.256 
FNA2AA/raxmlboot.5503.50sites/RAxML_info.best:Base frequencies: 0.274 0.188 0.274 0.264 
FNA2AA/raxmlboot.5507.50sites/RAxML_info.best:Base frequencies: 0.289 0.190 0.265 0.257 
FNA2AA/raxmlboot.5508.50sites/RAxML_info.best:Base frequencies: 0.273 0.205 0.273 0.249 
FNA2AA/raxmlboot.5514.50sites/RAxML_info.best:Base frequencies: 0.260 0.207 0.271 0.262 
FNA2AA/raxmlboot.5516.50sites/RAxML_info.best:Base frequencies: 0.247 0.234 0.243 0.276 
FNA2AA/raxmlboot.5521.50sites/RAxML_info.best:Base frequencies: 0.276 0.204 0.231 0.289 
FNA2AA/raxmlboot.5524.50sites/RAxML_info.best:Base frequencies: 0.279 0.199 0.253 0.269 
FNA2AA/raxmlboot.5528.50sites/RAxML_info.best:Base frequencies: 0.275 0.202 0.274 0.249 
FNA2AA/raxmlboot.5536.50sites/RAxML_info.best:Base frequencies: 0.300 0.228 0.235 0.237 
FNA2AA/raxmlboot.5551.50sites/RAxML_info.best:Base frequencies: 0.285 0.213 0.239 0.264 
FNA2AA/raxmlboot.5558.50sites/RAxML_info.best:Base frequencies: 0.265 0.210 0.272 0.254 
FNA2AA/raxmlboot.5559.50sites/RAxML_info.best:Base frequencies: 0.290 0.191 0.287 0.232 
FNA2AA/raxmlboot.5563.50sites/RAxML_info.best:Base frequencies: 0.286 0.206 0.251 0.257 
FNA2AA/raxmlboot.5571.50sites/RAxML_info.best:Base frequencies: 0.225 0.254 0.251 0.270 
FNA2AA/raxmlboot.5573.50sites/RAxML_info.best:Base frequencies: 0.298 0.196 0.283 0.223 
FNA2AA/raxmlboot.5578.50sites/RAxML_info.best:Base frequencies: 0.305 0.200 0.313 0.182 
FNA2AA/raxmlboot.5579.50sites/RAxML_info.best:Base frequencies: 0.273 0.201 0.266 0.259 
FNA2AA/raxmlboot.5582.50sites/RAxML_info.best:Base frequencies: 0.256 0.218 0.247 0.280 
FNA2AA/raxmlboot.5588.50sites/RAxML_info.best:Base frequencies: 0.314 0.192 0.276 0.218 
FNA2AA/raxmlboot.5600.50sites/RAxML_info.best:Base frequencies: 0.272 0.222 0.252 0.254 
FNA2AA/raxmlboot.5601.50sites/RAxML_info.best:Base frequencies: 0.332 0.196 0.255 0.217 
FNA2AA/raxmlboot.5604.50sites/RAxML_info.best:Base frequencies: 0.248 0.215 0.262 0.275 
FNA2AA/raxmlboot.5607.50sites/RAxML_info.best:Base frequencies: 0.344 0.194 0.264 0.198 
FNA2AA/raxmlboot.5613.50sites/RAxML_info.best:Base frequencies: 0.259 0.180 0.319 0.242 
FNA2AA/raxmlboot.5621.50sites/RAxML_info.best:Base frequencies: 0.269 0.217 0.242 0.273 
FNA2AA/raxmlboot.5628.50sites/RAxML_info.best:Base frequencies: 0.334 0.185 0.266 0.214 
FNA2AA/raxmlboot.5631.50sites/RAxML_info.best:Base frequencies: 0.250 0.220 0.250 0.280 
FNA2AA/raxmlboot.5644.50sites/RAxML_info.best:Base frequencies: 0.296 0.208 0.297 0.199 
FNA2AA/raxmlboot.5648.50sites/RAxML_info.best:Base frequencies: 0.273 0.222 0.255 0.250 
FNA2AA/raxmlboot.5656.50sites/RAxML_info.best:Base frequencies: 0.255 0.219 0.268 0.258 
FNA2AA/raxmlboot.5672.50sites/RAxML_info.best:Base frequencies: 0.289 0.203 0.246 0.261 
FNA2AA/raxmlboot.5675.50sites/RAxML_info.best:Base frequencies: 0.238 0.206 0.263 0.293 
FNA2AA/raxmlboot.5676.50sites/RAxML_info.best:Base frequencies: 0.263 0.213 0.264 0.259 
FNA2AA/raxmlboot.5679.50sites/RAxML_info.best:Base frequencies: 0.260 0.243 0.221 0.275 
FNA2AA/raxmlboot.5681.50sites/RAxML_info.best:Base frequencies: 0.268 0.207 0.263 0.262 
FNA2AA/raxmlboot.5683.50sites/RAxML_info.best:Base frequencies: 0.286 0.240 0.223 0.251 
FNA2AA/raxmlboot.5684.50sites/RAxML_info.best:Base frequencies: 0.274 0.206 0.260 0.260 
FNA2AA/raxmlboot.5686.50sites/RAxML_info.best:Base frequencies: 0.264 0.203 0.278 0.255 
FNA2AA/raxmlboot.5696.50sites/RAxML_info.best:Base frequencies: 0.262 0.248 0.277 0.214 
FNA2AA/raxmlboot.5706.50sites/RAxML_info.best:Base frequencies: 0.262 0.211 0.231 0.295 
FNA2AA/raxmlboot.5715.50sites/RAxML_info.best:Base frequencies: 0.219 0.237 0.222 0.322 
FNA2AA/raxmlboot.5719.50sites/RAxML_info.best:Base frequencies: 0.243 0.241 0.249 0.266 
FNA2AA/raxmlboot.5721.50sites/RAxML_info.best:Base frequencies: 0.295 0.211 0.249 0.244 
FNA2AA/raxmlboot.5722.50sites/RAxML_info.best:Base frequencies: 0.322 0.229 0.243 0.206 
FNA2AA/raxmlboot.5729.50sites/RAxML_info.best:Base frequencies: 0.248 0.213 0.266 0.272 
FNA2AA/raxmlboot.5737.50sites/RAxML_info.best:Base frequencies: 0.283 0.206 0.260 0.250 
FNA2AA/raxmlboot.5749.50sites/RAxML_info.best:Base frequencies: 0.258 0.224 0.246 0.272 
FNA2AA/raxmlboot.5750.50sites/RAxML_info.best:Base frequencies: 0.277 0.204 0.259 0.260 
FNA2AA/raxmlboot.5752.50sites/RAxML_info.best:Base frequencies: 0.232 0.221 0.235 0.311 
FNA2AA/raxmlboot.5753.50sites/RAxML_info.best:Base frequencies: 0.319 0.180 0.321 0.180 
FNA2AA/raxmlboot.5755.50sites/RAxML_info.best:Base frequencies: 0.247 0.236 0.240 0.277 
FNA2AA/raxmlboot.5758.50sites/RAxML_info.best:Base frequencies: 0.252 0.222 0.276 0.250 
FNA2AA/raxmlboot.5763.50sites/RAxML_info.best:Base frequencies: 0.249 0.223 0.258 0.269 
FNA2AA/raxmlboot.5766.50sites/RAxML_info.best:Base frequencies: 0.302 0.219 0.213 0.266 
FNA2AA/raxmlboot.5769.50sites/RAxML_info.best:Base frequencies: 0.238 0.267 0.284 0.211 
FNA2AA/raxmlboot.5785.50sites/RAxML_info.best:Base frequencies: 0.308 0.218 0.327 0.147 
FNA2AA/raxmlboot.5786.50sites/RAxML_info.best:Base frequencies: 0.232 0.241 0.279 0.249 
FNA2AA/raxmlboot.5791.50sites/RAxML_info.best:Base frequencies: 0.281 0.203 0.257 0.259 
FNA2AA/raxmlboot.5801.50sites/RAxML_info.best:Base frequencies: 0.271 0.206 0.265 0.259 
FNA2AA/raxmlboot.5808.50sites/RAxML_info.best:Base frequencies: 0.289 0.195 0.285 0.231 
FNA2AA/raxmlboot.5816.50sites/RAxML_info.best:Base frequencies: 0.266 0.227 0.245 0.261 
FNA2AA/raxmlboot.5817.50sites/RAxML_info.best:Base frequencies: 0.278 0.241 0.252 0.229 
FNA2AA/raxmlboot.5821.50sites/RAxML_info.best:Base frequencies: 0.287 0.198 0.226 0.289 
FNA2AA/raxmlboot.5823.50sites/RAxML_info.best:Base frequencies: 0.244 0.252 0.278 0.225 
FNA2AA/raxmlboot.5824.50sites/RAxML_info.best:Base frequencies: 0.232 0.229 0.249 0.289 
FNA2AA/raxmlboot.5830.50sites/RAxML_info.best:Base frequencies: 0.259 0.238 0.241 0.262 
FNA2AA/raxmlboot.5832.50sites/RAxML_info.best:Base frequencies: 0.262 0.222 0.243 0.274 
FNA2AA/raxmlboot.5834.50sites/RAxML_info.best:Base frequencies: 0.260 0.233 0.258 0.249 
FNA2AA/raxmlboot.5836.50sites/RAxML_info.best:Base frequencies: 0.277 0.218 0.242 0.263 
FNA2AA/raxmlboot.5839.50sites/RAxML_info.best:Base frequencies: 0.232 0.233 0.272 0.264 
FNA2AA/raxmlboot.5843.50sites/RAxML_info.best:Base frequencies: 0.306 0.197 0.251 0.247 
FNA2AA/raxmlboot.5847.50sites/RAxML_info.best:Base frequencies: 0.279 0.209 0.267 0.245 
FNA2AA/raxmlboot.5853.50sites/RAxML_info.best:Base frequencies: 0.313 0.177 0.258 0.252 
FNA2AA/raxmlboot.5858.50sites/RAxML_info.best:Base frequencies: 0.251 0.212 0.269 0.268 
FNA2AA/raxmlboot.5862.50sites/RAxML_info.best:Base frequencies: 0.268 0.192 0.277 0.264 
FNA2AA/raxmlboot.5863.50sites/RAxML_info.best:Base frequencies: 0.272 0.204 0.250 0.273 
FNA2AA/raxmlboot.5870.50sites/RAxML_info.best:Base frequencies: 0.311 0.203 0.266 0.221 
FNA2AA/raxmlboot.5875.50sites/RAxML_info.best:Base frequencies: 0.289 0.227 0.225 0.259 
FNA2AA/raxmlboot.5879.50sites/RAxML_info.best:Base frequencies: 0.275 0.205 0.279 0.240 
FNA2AA/raxmlboot.5881.50sites/RAxML_info.best:Base frequencies: 0.199 0.237 0.231 0.332 
FNA2AA/raxmlboot.5891.50sites/RAxML_info.best:Base frequencies: 0.269 0.211 0.248 0.273 
FNA2AA/raxmlboot.5894.50sites/RAxML_info.best:Base frequencies: 0.282 0.219 0.256 0.244 
FNA2AA/raxmlboot.5896.50sites/RAxML_info.best:Base frequencies: 0.263 0.203 0.246 0.288 
FNA2AA/raxmlboot.5903.50sites/RAxML_info.best:Base frequencies: 0.298 0.219 0.233 0.249 
FNA2AA/raxmlboot.5905.50sites/RAxML_info.best:Base frequencies: 0.245 0.226 0.262 0.267 
FNA2AA/raxmlboot.5911.50sites/RAxML_info.best:Base frequencies: 0.246 0.197 0.341 0.216 
FNA2AA/raxmlboot.5915.50sites/RAxML_info.best:Base frequencies: 0.248 0.237 0.264 0.252 
FNA2AA/raxmlboot.5918.50sites/RAxML_info.best:Base frequencies: 0.270 0.217 0.264 0.248 
FNA2AA/raxmlboot.5919.50sites/RAxML_info.best:Base frequencies: 0.357 0.199 0.258 0.185 
FNA2AA/raxmlboot.5921.50sites/RAxML_info.best:Base frequencies: 0.286 0.209 0.261 0.245 
FNA2AA/raxmlboot.5925.50sites/RAxML_info.best:Base frequencies: 0.285 0.193 0.254 0.268 
FNA2AA/raxmlboot.5928.50sites/RAxML_info.best:Base frequencies: 0.213 0.243 0.258 0.286 
FNA2AA/raxmlboot.5929.50sites/RAxML_info.best:Base frequencies: 0.242 0.228 0.272 0.258 
FNA2AA/raxmlboot.5934.50sites/RAxML_info.best:Base frequencies: 0.252 0.233 0.237 0.279 
FNA2AA/raxmlboot.5939.50sites/RAxML_info.best:Base frequencies: 0.289 0.192 0.276 0.244 
FNA2AA/raxmlboot.5944.50sites/RAxML_info.best:Base frequencies: 0.254 0.241 0.308 0.197 
FNA2AA/raxmlboot.5951.50sites/RAxML_info.best:Base frequencies: 0.365 0.194 0.250 0.192 
FNA2AA/raxmlboot.5954.50sites/RAxML_info.best:Base frequencies: 0.280 0.208 0.253 0.258 
FNA2AA/raxmlboot.5955.50sites/RAxML_info.best:Base frequencies: 0.251 0.194 0.302 0.252 
FNA2AA/raxmlboot.5957.50sites/RAxML_info.best:Base frequencies: 0.275 0.193 0.280 0.253 
FNA2AA/raxmlboot.5959.50sites/RAxML_info.best:Base frequencies: 0.243 0.245 0.248 0.264 
FNA2AA/raxmlboot.5964.50sites/RAxML_info.best:Base frequencies: 0.285 0.196 0.269 0.249 
FNA2AA/raxmlboot.5967.50sites/RAxML_info.best:Base frequencies: 0.216 0.259 0.268 0.257 
FNA2AA/raxmlboot.5979.50sites/RAxML_info.best:Base frequencies: 0.298 0.192 0.265 0.245 
FNA2AA/raxmlboot.5986.50sites/RAxML_info.best:Base frequencies: 0.281 0.204 0.255 0.260 
FNA2AA/raxmlboot.5991.50sites/RAxML_info.best:Base frequencies: 0.304 0.176 0.283 0.237 
FNA2AA/raxmlboot.5993.50sites/RAxML_info.best:Base frequencies: 0.282 0.214 0.247 0.258 
FNA2AA/raxmlboot.6000.50sites/RAxML_info.best:Base frequencies: 0.345 0.181 0.283 0.191 
FNA2AA/raxmlboot.6001.50sites/RAxML_info.best:Base frequencies: 0.274 0.203 0.273 0.250 
FNA2AA/raxmlboot.6002.50sites/RAxML_info.best:Base frequencies: 0.205 0.232 0.257 0.305 
FNA2AA/raxmlboot.6010.50sites/RAxML_info.best:Base frequencies: 0.289 0.230 0.265 0.216 
FNA2AA/raxmlboot.6012.50sites/RAxML_info.best:Base frequencies: 0.210 0.252 0.230 0.309 
FNA2AA/raxmlboot.6016.50sites/RAxML_info.best:Base frequencies: 0.188 0.285 0.287 0.240 
FNA2AA/raxmlboot.6022.50sites/RAxML_info.best:Base frequencies: 0.244 0.216 0.266 0.274 
FNA2AA/raxmlboot.6025.50sites/RAxML_info.best:Base frequencies: 0.254 0.220 0.286 0.240 
FNA2AA/raxmlboot.6026.50sites/RAxML_info.best:Base frequencies: 0.299 0.244 0.223 0.235 
FNA2AA/raxmlboot.6031.50sites/RAxML_info.best:Base frequencies: 0.285 0.229 0.242 0.244 
FNA2AA/raxmlboot.6032.50sites/RAxML_info.best:Base frequencies: 0.294 0.212 0.269 0.224 
FNA2AA/raxmlboot.6033.50sites/RAxML_info.best:Base frequencies: 0.277 0.214 0.276 0.234 
FNA2AA/raxmlboot.6036.50sites/RAxML_info.best:Base frequencies: 0.264 0.197 0.235 0.304 
FNA2AA/raxmlboot.6039.50sites/RAxML_info.best:Base frequencies: 0.221 0.269 0.221 0.290 
FNA2AA/raxmlboot.6040.50sites/RAxML_info.best:Base frequencies: 0.284 0.198 0.256 0.262 
FNA2AA/raxmlboot.6043.50sites/RAxML_info.best:Base frequencies: 0.269 0.237 0.236 0.258 
FNA2AA/raxmlboot.6045.50sites/RAxML_info.best:Base frequencies: 0.270 0.219 0.300 0.212 
FNA2AA/raxmlboot.6051.50sites/RAxML_info.best:Base frequencies: 0.281 0.218 0.254 0.247 
FNA2AA/raxmlboot.6053.50sites/RAxML_info.best:Base frequencies: 0.273 0.202 0.285 0.239 
FNA2AA/raxmlboot.6066.50sites/RAxML_info.best:Base frequencies: 0.237 0.235 0.232 0.297 
FNA2AA/raxmlboot.6069.50sites/RAxML_info.best:Base frequencies: 0.282 0.202 0.256 0.259 
FNA2AA/raxmlboot.6075.50sites/RAxML_info.best:Base frequencies: 0.208 0.231 0.279 0.282 
FNA2AA/raxmlboot.6076.50sites/RAxML_info.best:Base frequencies: 0.294 0.198 0.241 0.267 
FNA2AA/raxmlboot.6077.50sites/RAxML_info.best:Base frequencies: 0.276 0.210 0.255 0.260 
FNA2AA/raxmlboot.6086.50sites/RAxML_info.best:Base frequencies: 0.319 0.176 0.283 0.222 
FNA2AA/raxmlboot.6092.50sites/RAxML_info.best:Base frequencies: 0.283 0.208 0.224 0.285 
FNA2AA/raxmlboot.6094.50sites/RAxML_info.best:Base frequencies: 0.256 0.207 0.258 0.279 
FNA2AA/raxmlboot.6107.50sites/RAxML_info.best:Base frequencies: 0.268 0.220 0.259 0.253 
FNA2AA/raxmlboot.6120.50sites/RAxML_info.best:Base frequencies: 0.278 0.215 0.261 0.246 
FNA2AA/raxmlboot.6121.50sites/RAxML_info.best:Base frequencies: 0.187 0.260 0.271 0.282 
FNA2AA/raxmlboot.6123.50sites/RAxML_info.best:Base frequencies: 0.243 0.218 0.225 0.314 
FNA2AA/raxmlboot.6128.50sites/RAxML_info.best:Base frequencies: 0.324 0.185 0.283 0.208 
FNA2AA/raxmlboot.6130.50sites/RAxML_info.best:Base frequencies: 0.216 0.246 0.263 0.275 
FNA2AA/raxmlboot.6131.50sites/RAxML_info.best:Base frequencies: 0.296 0.192 0.255 0.257 
FNA2AA/raxmlboot.6134.50sites/RAxML_info.best:Base frequencies: 0.235 0.236 0.263 0.266 
FNA2AA/raxmlboot.6140.50sites/RAxML_info.best:Base frequencies: 0.299 0.204 0.261 0.235 
FNA2AA/raxmlboot.6145.50sites/RAxML_info.best:Base frequencies: 0.265 0.220 0.256 0.259 
FNA2AA/raxmlboot.6150.50sites/RAxML_info.best:Base frequencies: 0.269 0.218 0.250 0.264 
FNA2AA/raxmlboot.6154.50sites/RAxML_info.best:Base frequencies: 0.261 0.208 0.265 0.265 
FNA2AA/raxmlboot.6155.50sites/RAxML_info.best:Base frequencies: 0.268 0.212 0.248 0.272 
FNA2AA/raxmlboot.6159.50sites/RAxML_info.best:Base frequencies: 0.274 0.202 0.275 0.248 
FNA2AA/raxmlboot.6162.50sites/RAxML_info.best:Base frequencies: 0.247 0.220 0.318 0.215 
FNA2AA/raxmlboot.6170.50sites/RAxML_info.best:Base frequencies: 0.250 0.235 0.250 0.265 
FNA2AA/raxmlboot.6171.50sites/RAxML_info.best:Base frequencies: 0.241 0.228 0.247 0.284 
FNA2AA/raxmlboot.6175.50sites/RAxML_info.best:Base frequencies: 0.271 0.217 0.239 0.273 
FNA2AA/raxmlboot.6176.50sites/RAxML_info.best:Base frequencies: 0.274 0.194 0.228 0.304 
FNA2AA/raxmlboot.6178.50sites/RAxML_info.best:Base frequencies: 0.280 0.226 0.249 0.244 
FNA2AA/raxmlboot.6179.50sites/RAxML_info.best:Base frequencies: 0.279 0.212 0.271 0.237 
FNA2AA/raxmlboot.6180.50sites/RAxML_info.best:Base frequencies: 0.277 0.197 0.285 0.241 
FNA2AA/raxmlboot.6189.50sites/RAxML_info.best:Base frequencies: 0.201 0.216 0.299 0.283 
FNA2AA/raxmlboot.6191.50sites/RAxML_info.best:Base frequencies: 0.347 0.198 0.263 0.192 
FNA2AA/raxmlboot.6193.50sites/RAxML_info.best:Base frequencies: 0.271 0.191 0.292 0.247 
FNA2AA/raxmlboot.6194.50sites/RAxML_info.best:Base frequencies: 0.246 0.244 0.231 0.280 
FNA2AA/raxmlboot.6195.50sites/RAxML_info.best:Base frequencies: 0.271 0.235 0.251 0.243 
FNA2AA/raxmlboot.6201.50sites/RAxML_info.best:Base frequencies: 0.261 0.184 0.239 0.316 
FNA2AA/raxmlboot.6202.50sites/RAxML_info.best:Base frequencies: 0.273 0.205 0.267 0.256 
FNA2AA/raxmlboot.6207.50sites/RAxML_info.best:Base frequencies: 0.270 0.220 0.247 0.263 
FNA2AA/raxmlboot.6210.50sites/RAxML_info.best:Base frequencies: 0.285 0.204 0.267 0.243 
FNA2AA/raxmlboot.6214.50sites/RAxML_info.best:Base frequencies: 0.208 0.241 0.243 0.308 
FNA2AA/raxmlboot.6215.50sites/RAxML_info.best:Base frequencies: 0.289 0.196 0.261 0.254 
FNA2AA/raxmlboot.6224.50sites/RAxML_info.best:Base frequencies: 0.274 0.231 0.231 0.264 
FNA2AA/raxmlboot.6226.50sites/RAxML_info.best:Base frequencies: 0.266 0.189 0.279 0.265 
FNA2AA/raxmlboot.6230.50sites/RAxML_info.best:Base frequencies: 0.255 0.207 0.271 0.267 
FNA2AA/raxmlboot.6233.50sites/RAxML_info.best:Base frequencies: 0.260 0.206 0.278 0.256 
FNA2AA/raxmlboot.6240.50sites/RAxML_info.best:Base frequencies: 0.274 0.216 0.246 0.264 
FNA2AA/raxmlboot.6246.50sites/RAxML_info.best:Base frequencies: 0.290 0.254 0.248 0.207 
FNA2AA/raxmlboot.6248.50sites/RAxML_info.best:Base frequencies: 0.312 0.193 0.261 0.233 
FNA2AA/raxmlboot.6249.50sites/RAxML_info.best:Base frequencies: 0.301 0.195 0.262 0.241 
FNA2AA/raxmlboot.6251.50sites/RAxML_info.best:Base frequencies: 0.312 0.228 0.258 0.202 
FNA2AA/raxmlboot.6253.50sites/RAxML_info.best:Base frequencies: 0.290 0.211 0.286 0.213 
FNA2AA/raxmlboot.6262.50sites/RAxML_info.best:Base frequencies: 0.212 0.287 0.351 0.150 
FNA2AA/raxmlboot.6271.50sites/RAxML_info.best:Base frequencies: 0.317 0.214 0.265 0.205 
FNA2AA/raxmlboot.6280.50sites/RAxML_info.best:Base frequencies: 0.216 0.245 0.234 0.305 
FNA2AA/raxmlboot.6284.50sites/RAxML_info.best:Base frequencies: 0.267 0.200 0.256 0.277 
FNA2AA/raxmlboot.6290.50sites/RAxML_info.best:Base frequencies: 0.283 0.196 0.267 0.254 
FNA2AA/raxmlboot.6294.50sites/RAxML_info.best:Base frequencies: 0.332 0.176 0.288 0.204 
FNA2AA/raxmlboot.6296.50sites/RAxML_info.best:Base frequencies: 0.279 0.202 0.260 0.258 
FNA2AA/raxmlboot.6299.50sites/RAxML_info.best:Base frequencies: 0.310 0.194 0.251 0.245 
FNA2AA/raxmlboot.6301.50sites/RAxML_info.best:Base frequencies: 0.240 0.259 0.219 0.282 
FNA2AA/raxmlboot.6302.50sites/RAxML_info.best:Base frequencies: 0.232 0.213 0.219 0.335 
FNA2AA/raxmlboot.6308.50sites/RAxML_info.best:Base frequencies: 0.231 0.200 0.273 0.296 
FNA2AA/raxmlboot.6312.50sites/RAxML_info.best:Base frequencies: 0.226 0.228 0.273 0.274 
FNA2AA/raxmlboot.6313.50sites/RAxML_info.best:Base frequencies: 0.229 0.243 0.277 0.250 
FNA2AA/raxmlboot.6314.50sites/RAxML_info.best:Base frequencies: 0.251 0.218 0.250 0.281 
FNA2AA/raxmlboot.6315.50sites/RAxML_info.best:Base frequencies: 0.248 0.218 0.264 0.271 
FNA2AA/raxmlboot.6318.50sites/RAxML_info.best:Base frequencies: 0.253 0.224 0.243 0.280 
FNA2AA/raxmlboot.6321.50sites/RAxML_info.best:Base frequencies: 0.268 0.207 0.257 0.269 
FNA2AA/raxmlboot.6322.50sites/RAxML_info.best:Base frequencies: 0.250 0.220 0.247 0.283 
FNA2AA/raxmlboot.6324.50sites/RAxML_info.best:Base frequencies: 0.246 0.244 0.284 0.227 
FNA2AA/raxmlboot.6331.50sites/RAxML_info.best:Base frequencies: 0.297 0.195 0.267 0.240 
FNA2AA/raxmlboot.6334.50sites/RAxML_info.best:Base frequencies: 0.290 0.202 0.289 0.218 
FNA2AA/raxmlboot.6337.50sites/RAxML_info.best:Base frequencies: 0.242 0.199 0.277 0.283 
FNA2AA/raxmlboot.6339.50sites/RAxML_info.best:Base frequencies: 0.252 0.218 0.267 0.263 
FNA2AA/raxmlboot.6341.50sites/RAxML_info.best:Base frequencies: 0.254 0.203 0.286 0.256 
FNA2AA/raxmlboot.6342.50sites/RAxML_info.best:Base frequencies: 0.250 0.214 0.268 0.269 
FNA2AA/raxmlboot.6349.50sites/RAxML_info.best:Base frequencies: 0.261 0.214 0.258 0.266 
FNA2AA/raxmlboot.6350.50sites/RAxML_info.best:Base frequencies: 0.223 0.245 0.258 0.274 
FNA2AA/raxmlboot.6352.50sites/RAxML_info.best:Base frequencies: 0.186 0.288 0.253 0.273 
FNA2AA/raxmlboot.6353.50sites/RAxML_info.best:Base frequencies: 0.282 0.227 0.242 0.248 
FNA2AA/raxmlboot.6354.50sites/RAxML_info.best:Base frequencies: 0.221 0.246 0.263 0.270 
FNA2AA/raxmlboot.6358.50sites/RAxML_info.best:Base frequencies: 0.269 0.239 0.267 0.225 
FNA2AA/raxmlboot.6360.50sites/RAxML_info.best:Base frequencies: 0.279 0.209 0.229 0.283 
FNA2AA/raxmlboot.6361.50sites/RAxML_info.best:Base frequencies: 0.246 0.238 0.242 0.274 
FNA2AA/raxmlboot.6366.50sites/RAxML_info.best:Base frequencies: 0.239 0.216 0.284 0.261 
FNA2AA/raxmlboot.6374.50sites/RAxML_info.best:Base frequencies: 0.285 0.220 0.260 0.235 
FNA2AA/raxmlboot.6376.50sites/RAxML_info.best:Base frequencies: 0.253 0.207 0.273 0.267 
FNA2AA/raxmlboot.6379.50sites/RAxML_info.best:Base frequencies: 0.247 0.236 0.247 0.270 
FNA2AA/raxmlboot.6380.50sites/RAxML_info.best:Base frequencies: 0.289 0.196 0.276 0.240 
FNA2AA/raxmlboot.6381.50sites/RAxML_info.best:Base frequencies: 0.263 0.216 0.259 0.261 
FNA2AA/raxmlboot.6383.50sites/RAxML_info.best:Base frequencies: 0.263 0.205 0.279 0.253 
FNA2AA/raxmlboot.6387.50sites/RAxML_info.best:Base frequencies: 0.279 0.211 0.256 0.255 
FNA2AA/raxmlboot.6390.50sites/RAxML_info.best:Base frequencies: 0.280 0.207 0.248 0.264 
FNA2AA/raxmlboot.6392.50sites/RAxML_info.best:Base frequencies: 0.264 0.222 0.243 0.272 
FNA2AA/raxmlboot.6401.50sites/RAxML_info.best:Base frequencies: 0.295 0.185 0.249 0.271 
FNA2AA/raxmlboot.6403.50sites/RAxML_info.best:Base frequencies: 0.239 0.218 0.244 0.298 
FNA2AA/raxmlboot.6405.50sites/RAxML_info.best:Base frequencies: 0.242 0.235 0.254 0.269 
FNA2AA/raxmlboot.6406.50sites/RAxML_info.best:Base frequencies: 0.265 0.215 0.276 0.244 
FNA2AA/raxmlboot.6407.50sites/RAxML_info.best:Base frequencies: 0.274 0.203 0.268 0.256 
FNA2AA/raxmlboot.6410.50sites/RAxML_info.best:Base frequencies: 0.232 0.276 0.254 0.238 
FNA2AA/raxmlboot.6411.50sites/RAxML_info.best:Base frequencies: 0.262 0.205 0.258 0.275 
FNA2AA/raxmlboot.6412.50sites/RAxML_info.best:Base frequencies: 0.246 0.227 0.260 0.267 
FNA2AA/raxmlboot.6413.50sites/RAxML_info.best:Base frequencies: 0.266 0.210 0.243 0.280 
FNA2AA/raxmlboot.6414.50sites/RAxML_info.best:Base frequencies: 0.260 0.212 0.255 0.273 
FNA2AA/raxmlboot.6416.50sites/RAxML_info.best:Base frequencies: 0.247 0.257 0.234 0.262 
FNA2AA/raxmlboot.6418.50sites/RAxML_info.best:Base frequencies: 0.275 0.202 0.277 0.246 
FNA2AA/raxmlboot.6421.50sites/RAxML_info.best:Base frequencies: 0.272 0.179 0.293 0.256 
FNA2AA/raxmlboot.6422.50sites/RAxML_info.best:Base frequencies: 0.261 0.223 0.277 0.240 
FNA2AA/raxmlboot.6425.50sites/RAxML_info.best:Base frequencies: 0.231 0.219 0.273 0.277 
FNA2AA/raxmlboot.6427.50sites/RAxML_info.best:Base frequencies: 0.290 0.201 0.262 0.247 
FNA2AA/raxmlboot.6430.50sites/RAxML_info.best:Base frequencies: 0.246 0.219 0.253 0.282 
FNA2AA/raxmlboot.6431.50sites/RAxML_info.best:Base frequencies: 0.292 0.205 0.253 0.250 
FNA2AA/raxmlboot.6433.50sites/RAxML_info.best:Base frequencies: 0.252 0.244 0.281 0.224 
FNA2AA/raxmlboot.6434.50sites/RAxML_info.best:Base frequencies: 0.279 0.310 0.189 0.222 
FNA2AA/raxmlboot.6436.50sites/RAxML_info.best:Base frequencies: 0.285 0.249 0.250 0.215 
FNA2AA/raxmlboot.6437.50sites/RAxML_info.best:Base frequencies: 0.260 0.213 0.255 0.273 
FNA2AA/raxmlboot.6438.50sites/RAxML_info.best:Base frequencies: 0.294 0.228 0.233 0.245 
FNA2AA/raxmlboot.6440.50sites/RAxML_info.best:Base frequencies: 0.276 0.210 0.257 0.257 
FNA2AA/raxmlboot.6442.50sites/RAxML_info.best:Base frequencies: 0.252 0.217 0.292 0.239 
FNA2AA/raxmlboot.6445.50sites/RAxML_info.best:Base frequencies: 0.208 0.258 0.284 0.250 
FNA2AA/raxmlboot.6450.50sites/RAxML_info.best:Base frequencies: 0.281 0.181 0.264 0.274 
FNA2AA/raxmlboot.6451.50sites/RAxML_info.best:Base frequencies: 0.252 0.253 0.248 0.247 
FNA2AA/raxmlboot.6458.50sites/RAxML_info.best:Base frequencies: 0.262 0.211 0.295 0.231 
FNA2AA/raxmlboot.6459.50sites/RAxML_info.best:Base frequencies: 0.249 0.223 0.256 0.272 
FNA2AA/raxmlboot.6460.50sites/RAxML_info.best:Base frequencies: 0.301 0.196 0.263 0.240 
FNA2AA/raxmlboot.6472.50sites/RAxML_info.best:Base frequencies: 0.225 0.206 0.265 0.304 
FNA2AA/raxmlboot.6476.50sites/RAxML_info.best:Base frequencies: 0.239 0.206 0.196 0.359 
FNA2AA/raxmlboot.6477.50sites/RAxML_info.best:Base frequencies: 0.325 0.187 0.253 0.235 
FNA2AA/raxmlboot.6479.50sites/RAxML_info.best:Base frequencies: 0.250 0.219 0.256 0.276 
FNA2AA/raxmlboot.6486.50sites/RAxML_info.best:Base frequencies: 0.282 0.221 0.270 0.226 
FNA2AA/raxmlboot.6490.50sites/RAxML_info.best:Base frequencies: 0.246 0.226 0.261 0.267 
FNA2AA/raxmlboot.6491.50sites/RAxML_info.best:Base frequencies: 0.297 0.186 0.296 0.221 
FNA2AA/raxmlboot.6493.50sites/RAxML_info.best:Base frequencies: 0.257 0.212 0.272 0.259 
FNA2AA/raxmlboot.6494.50sites/RAxML_info.best:Base frequencies: 0.229 0.239 0.245 0.288 
FNA2AA/raxmlboot.6495.50sites/RAxML_info.best:Base frequencies: 0.230 0.264 0.244 0.262 
FNA2AA/raxmlboot.6500.50sites/RAxML_info.best:Base frequencies: 0.249 0.259 0.252 0.239 
FNA2AA/raxmlboot.6502.50sites/RAxML_info.best:Base frequencies: 0.298 0.198 0.263 0.241 
FNA2AA/raxmlboot.6507.50sites/RAxML_info.best:Base frequencies: 0.265 0.219 0.242 0.274 
FNA2AA/raxmlboot.6510.50sites/RAxML_info.best:Base frequencies: 0.289 0.208 0.263 0.240 
FNA2AA/raxmlboot.6511.50sites/RAxML_info.best:Base frequencies: 0.245 0.254 0.251 0.251 
FNA2AA/raxmlboot.6512.50sites/RAxML_info.best:Base frequencies: 0.250 0.225 0.259 0.267 
FNA2AA/raxmlboot.6514.50sites/RAxML_info.best:Base frequencies: 0.249 0.221 0.265 0.265 
FNA2AA/raxmlboot.6515.50sites/RAxML_info.best:Base frequencies: 0.257 0.215 0.302 0.226 
FNA2AA/raxmlboot.6518.50sites/RAxML_info.best:Base frequencies: 0.253 0.220 0.286 0.241 
FNA2AA/raxmlboot.6524.50sites/RAxML_info.best:Base frequencies: 0.221 0.283 0.217 0.279 
FNA2AA/raxmlboot.6525.50sites/RAxML_info.best:Base frequencies: 0.252 0.217 0.259 0.272 
FNA2AA/raxmlboot.6526.50sites/RAxML_info.best:Base frequencies: 0.306 0.204 0.263 0.227 
FNA2AA/raxmlboot.6529.50sites/RAxML_info.best:Base frequencies: 0.313 0.215 0.256 0.216 
FNA2AA/raxmlboot.6531.50sites/RAxML_info.best:Base frequencies: 0.297 0.199 0.291 0.214 
FNA2AA/raxmlboot.6532.50sites/RAxML_info.best:Base frequencies: 0.271 0.199 0.289 0.241 
FNA2AA/raxmlboot.6533.50sites/RAxML_info.best:Base frequencies: 0.254 0.223 0.260 0.263 
FNA2AA/raxmlboot.6534.50sites/RAxML_info.best:Base frequencies: 0.209 0.237 0.249 0.304 
FNA2AA/raxmlboot.6537.50sites/RAxML_info.best:Base frequencies: 0.330 0.189 0.285 0.196 
FNA2AA/raxmlboot.6539.50sites/RAxML_info.best:Base frequencies: 0.272 0.187 0.298 0.243 
FNA2AA/raxmlboot.6551.50sites/RAxML_info.best:Base frequencies: 0.288 0.242 0.272 0.198 
FNA2AA/raxmlboot.6552.50sites/RAxML_info.best:Base frequencies: 0.278 0.220 0.237 0.264 
FNA2AA/raxmlboot.6554.50sites/RAxML_info.best:Base frequencies: 0.201 0.282 0.199 0.318 
FNA2AA/raxmlboot.6558.50sites/RAxML_info.best:Base frequencies: 0.254 0.226 0.246 0.273 
FNA2AA/raxmlboot.6560.50sites/RAxML_info.best:Base frequencies: 0.250 0.220 0.265 0.265 
FNA2AA/raxmlboot.6563.50sites/RAxML_info.best:Base frequencies: 0.297 0.212 0.279 0.212 
FNA2AA/raxmlboot.6564.50sites/RAxML_info.best:Base frequencies: 0.262 0.238 0.249 0.250 
FNA2AA/raxmlboot.6572.50sites/RAxML_info.best:Base frequencies: 0.236 0.230 0.217 0.318 
FNA2AA/raxmlboot.6575.50sites/RAxML_info.best:Base frequencies: 0.273 0.218 0.262 0.247 
FNA2AA/raxmlboot.6576.50sites/RAxML_info.best:Base frequencies: 0.261 0.213 0.280 0.246 
FNA2AA/raxmlboot.6578.50sites/RAxML_info.best:Base frequencies: 0.267 0.221 0.260 0.252 
FNA2AA/raxmlboot.6580.50sites/RAxML_info.best:Base frequencies: 0.267 0.200 0.289 0.244 
FNA2AA/raxmlboot.6581.50sites/RAxML_info.best:Base frequencies: 0.303 0.233 0.281 0.183 
FNA2AA/raxmlboot.6586.50sites/RAxML_info.best:Base frequencies: 0.297 0.188 0.264 0.251 
FNA2AA/raxmlboot.6587.50sites/RAxML_info.best:Base frequencies: 0.270 0.222 0.242 0.265 
FNA2AA/raxmlboot.6588.50sites/RAxML_info.best:Base frequencies: 0.296 0.236 0.219 0.249 
FNA2AA/raxmlboot.6591.50sites/RAxML_info.best:Base frequencies: 0.278 0.206 0.248 0.269 
FNA2AA/raxmlboot.6592.50sites/RAxML_info.best:Base frequencies: 0.278 0.224 0.241 0.256 
FNA2AA/raxmlboot.6594.50sites/RAxML_info.best:Base frequencies: 0.280 0.245 0.285 0.189 
FNA2AA/raxmlboot.6596.50sites/RAxML_info.best:Base frequencies: 0.271 0.213 0.252 0.264 
FNA2AA/raxmlboot.6599.50sites/RAxML_info.best:Base frequencies: 0.229 0.211 0.270 0.289 
FNA2AA/raxmlboot.6600.50sites/RAxML_info.best:Base frequencies: 0.262 0.233 0.247 0.258 
FNA2AA/raxmlboot.6602.50sites/RAxML_info.best:Base frequencies: 0.310 0.204 0.237 0.248 
FNA2AA/raxmlboot.6603.50sites/RAxML_info.best:Base frequencies: 0.248 0.218 0.238 0.296 
FNA2AA/raxmlboot.6604.50sites/RAxML_info.best:Base frequencies: 0.252 0.223 0.262 0.263 
FNA2AA/raxmlboot.6608.50sites/RAxML_info.best:Base frequencies: 0.288 0.221 0.265 0.227 
FNA2AA/raxmlboot.6609.50sites/RAxML_info.best:Base frequencies: 0.316 0.177 0.296 0.212 
FNA2AA/raxmlboot.6614.50sites/RAxML_info.best:Base frequencies: 0.234 0.211 0.259 0.297 
FNA2AA/raxmlboot.6616.50sites/RAxML_info.best:Base frequencies: 0.280 0.220 0.239 0.261 
FNA2AA/raxmlboot.6618.50sites/RAxML_info.best:Base frequencies: 0.300 0.191 0.281 0.228 
FNA2AA/raxmlboot.6619.50sites/RAxML_info.best:Base frequencies: 0.252 0.222 0.262 0.264 
FNA2AA/raxmlboot.6635.50sites/RAxML_info.best:Base frequencies: 0.219 0.246 0.263 0.272 
FNA2AA/raxmlboot.6643.50sites/RAxML_info.best:Base frequencies: 0.268 0.223 0.245 0.265 
FNA2AA/raxmlboot.6646.50sites/RAxML_info.best:Base frequencies: 0.253 0.244 0.229 0.274 
FNA2AA/raxmlboot.6647.50sites/RAxML_info.best:Base frequencies: 0.263 0.206 0.260 0.271 
FNA2AA/raxmlboot.6655.50sites/RAxML_info.best:Base frequencies: 0.259 0.204 0.249 0.288 
FNA2AA/raxmlboot.6659.50sites/RAxML_info.best:Base frequencies: 0.231 0.220 0.281 0.268 
FNA2AA/raxmlboot.6660.50sites/RAxML_info.best:Base frequencies: 0.280 0.190 0.273 0.257 
FNA2AA/raxmlboot.6661.50sites/RAxML_info.best:Base frequencies: 0.266 0.212 0.252 0.270 
FNA2AA/raxmlboot.6663.50sites/RAxML_info.best:Base frequencies: 0.236 0.228 0.258 0.277 
FNA2AA/raxmlboot.6664.50sites/RAxML_info.best:Base frequencies: 0.296 0.200 0.250 0.255 
FNA2AA/raxmlboot.6668.50sites/RAxML_info.best:Base frequencies: 0.295 0.202 0.281 0.222 
FNA2AA/raxmlboot.6675.50sites/RAxML_info.best:Base frequencies: 0.232 0.266 0.282 0.219 
FNA2AA/raxmlboot.6677.50sites/RAxML_info.best:Base frequencies: 0.257 0.231 0.282 0.230 
FNA2AA/raxmlboot.6680.50sites/RAxML_info.best:Base frequencies: 0.302 0.188 0.299 0.211 
FNA2AA/raxmlboot.6681.50sites/RAxML_info.best:Base frequencies: 0.304 0.246 0.257 0.193 
FNA2AA/raxmlboot.6682.50sites/RAxML_info.best:Base frequencies: 0.342 0.164 0.297 0.197 
FNA2AA/raxmlboot.6684.50sites/RAxML_info.best:Base frequencies: 0.255 0.210 0.264 0.270 
FNA2AA/raxmlboot.6685.50sites/RAxML_info.best:Base frequencies: 0.297 0.220 0.231 0.252 
FNA2AA/raxmlboot.6687.50sites/RAxML_info.best:Base frequencies: 0.269 0.207 0.265 0.259 
FNA2AA/raxmlboot.6689.50sites/RAxML_info.best:Base frequencies: 0.305 0.196 0.245 0.254 
FNA2AA/raxmlboot.6690.50sites/RAxML_info.best:Base frequencies: 0.238 0.246 0.265 0.252 
FNA2AA/raxmlboot.6691.50sites/RAxML_info.best:Base frequencies: 0.253 0.217 0.286 0.244 
FNA2AA/raxmlboot.6692.50sites/RAxML_info.best:Base frequencies: 0.258 0.220 0.243 0.279 
FNA2AA/raxmlboot.6694.50sites/RAxML_info.best:Base frequencies: 0.191 0.264 0.258 0.287 
FNA2AA/raxmlboot.6695.50sites/RAxML_info.best:Base frequencies: 0.258 0.223 0.232 0.288 
FNA2AA/raxmlboot.6697.50sites/RAxML_info.best:Base frequencies: 0.306 0.193 0.271 0.231 
FNA2AA/raxmlboot.6700.50sites/RAxML_info.best:Base frequencies: 0.245 0.256 0.257 0.241 
FNA2AA/raxmlboot.6701.50sites/RAxML_info.best:Base frequencies: 0.290 0.195 0.281 0.235 
FNA2AA/raxmlboot.6703.50sites/RAxML_info.best:Base frequencies: 0.261 0.251 0.248 0.240 
FNA2AA/raxmlboot.6706.50sites/RAxML_info.best:Base frequencies: 0.307 0.200 0.250 0.244 
FNA2AA/raxmlboot.6708.50sites/RAxML_info.best:Base frequencies: 0.277 0.219 0.255 0.249 
FNA2AA/raxmlboot.6713.50sites/RAxML_info.best:Base frequencies: 0.198 0.276 0.263 0.263 
FNA2AA/raxmlboot.6715.50sites/RAxML_info.best:Base frequencies: 0.269 0.224 0.253 0.254 
FNA2AA/raxmlboot.6725.50sites/RAxML_info.best:Base frequencies: 0.286 0.197 0.215 0.301 
FNA2AA/raxmlboot.6728.50sites/RAxML_info.best:Base frequencies: 0.240 0.243 0.284 0.233 
FNA2AA/raxmlboot.6729.50sites/RAxML_info.best:Base frequencies: 0.243 0.228 0.276 0.253 
FNA2AA/raxmlboot.6731.50sites/RAxML_info.best:Base frequencies: 0.237 0.240 0.301 0.223 
FNA2AA/raxmlboot.6732.50sites/RAxML_info.best:Base frequencies: 0.265 0.210 0.257 0.268 
FNA2AA/raxmlboot.6737.50sites/RAxML_info.best:Base frequencies: 0.251 0.241 0.227 0.281 
FNA2AA/raxmlboot.6740.50sites/RAxML_info.best:Base frequencies: 0.264 0.227 0.229 0.280 
FNA2AA/raxmlboot.6743.50sites/RAxML_info.best:Base frequencies: 0.278 0.195 0.318 0.209 
FNA2AA/raxmlboot.6749.50sites/RAxML_info.best:Base frequencies: 0.278 0.208 0.274 0.240 
FNA2AA/raxmlboot.6750.50sites/RAxML_info.best:Base frequencies: 0.253 0.220 0.248 0.279 
FNA2AA/raxmlboot.6751.50sites/RAxML_info.best:Base frequencies: 0.275 0.217 0.225 0.283 
FNA2AA/raxmlboot.6753.50sites/RAxML_info.best:Base frequencies: 0.259 0.215 0.263 0.263 
