raxmlboot.4218.c1c2-filterlen33/RAxML_info.score:freq 0.27352 0.233674 0.267527 0.225279
raxmlboot.5068.c1c2-filterlen33/RAxML_info.score:freq 0.248669 0.239449 0.241594 0.270287
raxmlboot.5075.c1c2-filterlen33/RAxML_info.score:freq 0.278381 0.214585 0.273272 0.233761
raxmlboot.5086.c1c2-filterlen33/RAxML_info.score:freq 0.294535 0.231095 0.238908 0.235462
raxmlboot.5087.c1c2-filterlen33/RAxML_info.score:freq 0.261823 0.212471 0.296733 0.228974
raxmlboot.5088.c1c2-filterlen33/RAxML_info.score:freq 0.287685 0.254481 0.240687 0.217147
raxmlboot.5091.c1c2-filterlen33/RAxML_info.score:freq 0.32314 0.218476 0.273617 0.184767
raxmlboot.5092.c1c2-filterlen33/RAxML_info.score:freq 0.23167 0.251686 0.274223 0.242421
raxmlboot.5097.c1c2-filterlen33/RAxML_info.score:freq 0.258043 0.238168 0.253656 0.250132
raxmlboot.5103.c1c2-filterlen33/RAxML_info.score:freq 0.350912 0.218661 0.228312 0.202116
raxmlboot.5111.c1c2-filterlen33/RAxML_info.score:freq 0.291446 0.227203 0.228539 0.252812
raxmlboot.5148.c1c2-filterlen33/RAxML_info.score:freq 0.275206 0.210479 0.28182 0.232495
raxmlboot.5154.c1c2-filterlen33/RAxML_info.score:freq 0.331369 0.220938 0.224189 0.223504
raxmlboot.5165.c1c2-filterlen33/RAxML_info.score:freq 0.276247 0.219517 0.256858 0.247378
raxmlboot.5170.c1c2-filterlen33/RAxML_info.score:freq 0.331845 0.206153 0.249707 0.212296
raxmlboot.5172.c1c2-filterlen33/RAxML_info.score:freq 0.309805 0.202086 0.279441 0.208668
raxmlboot.5175.c1c2-filterlen33/RAxML_info.score:freq 0.289511 0.204479 0.272283 0.233728
raxmlboot.5188.c1c2-filterlen33/RAxML_info.score:freq 0.348567 0.251124 0.240211 0.160098
raxmlboot.5206.c1c2-filterlen33/RAxML_info.score:freq 0.263994 0.215383 0.260432 0.260191
raxmlboot.5226.c1c2-filterlen33/RAxML_info.score:freq 0.313412 0.222339 0.246343 0.217907
raxmlboot.5229.c1c2-filterlen33/RAxML_info.score:freq 0.280647 0.229745 0.255049 0.234559
raxmlboot.5233.c1c2-filterlen33/RAxML_info.score:freq 0.327051 0.202215 0.245342 0.225392
raxmlboot.5270.c1c2-filterlen33/RAxML_info.score:freq 0.250077 0.254191 0.26243 0.233302
raxmlboot.5276.c1c2-filterlen33/RAxML_info.score:freq 0.284128 0.235119 0.220605 0.260148
raxmlboot.5279.c1c2-filterlen33/RAxML_info.score:freq 0.281667 0.194454 0.293299 0.23058
raxmlboot.5286.c1c2-filterlen33/RAxML_info.score:freq 0.253812 0.232145 0.240432 0.27361
raxmlboot.5294.c1c2-filterlen33/RAxML_info.score:freq 0.236563 0.244151 0.237456 0.28183
raxmlboot.5301.c1c2-filterlen33/RAxML_info.score:freq 0.269915 0.227787 0.271574 0.230723
raxmlboot.5304.c1c2-filterlen33/RAxML_info.score:freq 0.272257 0.207573 0.274783 0.245387
raxmlboot.5306.c1c2-filterlen33/RAxML_info.score:freq 0.302166 0.230701 0.23901 0.228123
raxmlboot.5310.c1c2-filterlen33/RAxML_info.score:freq 0.295804 0.214047 0.251614 0.238534
raxmlboot.5326.c1c2-filterlen33/RAxML_info.score:freq 0.271649 0.208675 0.299991 0.219684
raxmlboot.5331.c1c2-filterlen33/RAxML_info.score:freq 0.292341 0.290823 0.181852 0.234984
raxmlboot.5333.c1c2-filterlen33/RAxML_info.score:freq 0.311425 0.187494 0.278112 0.22297
raxmlboot.5334.c1c2-filterlen33/RAxML_info.score:freq 0.282325 0.232377 0.256214 0.229083
raxmlboot.5336.c1c2-filterlen33/RAxML_info.score:freq 0.26237 0.226911 0.261646 0.249073
raxmlboot.5338.c1c2-filterlen33/RAxML_info.score:freq 0.354187 0.189935 0.28897 0.166909
raxmlboot.5353.c1c2-filterlen33/RAxML_info.score:freq 0.254575 0.206911 0.236617 0.301896
raxmlboot.5367.c1c2-filterlen33/RAxML_info.score:freq 0.260534 0.23 0.265681 0.243786
raxmlboot.5384.c1c2-filterlen33/RAxML_info.score:freq 0.249385 0.244773 0.246257 0.259585
raxmlboot.5385.c1c2-filterlen33/RAxML_info.score:freq 0.359977 0.198125 0.29987 0.142029
raxmlboot.5425.c1c2-filterlen33/RAxML_info.score:freq 0.304188 0.208772 0.257951 0.229088
raxmlboot.5427.c1c2-filterlen33/RAxML_info.score:freq 0.231459 0.208779 0.240883 0.318879
raxmlboot.5463.c1c2-filterlen33/RAxML_info.score:freq 0.293222 0.201584 0.249976 0.255218
raxmlboot.5475.c1c2-filterlen33/RAxML_info.score:freq 0.2815 0.249554 0.255806 0.21314
raxmlboot.5479.c1c2-filterlen33/RAxML_info.score:freq 0.261766 0.260948 0.248226 0.22906
raxmlboot.5484.c1c2-filterlen33/RAxML_info.score:freq 0.286673 0.224324 0.257957 0.231046
raxmlboot.5488.c1c2-filterlen33/RAxML_info.score:freq 0.290765 0.22589 0.255443 0.227902
raxmlboot.5494.c1c2-filterlen33/RAxML_info.score:freq 0.302827 0.211159 0.26734 0.218674
raxmlboot.5507.c1c2-filterlen33/RAxML_info.score:freq 0.318289 0.210767 0.271782 0.199163
raxmlboot.5508.c1c2-filterlen33/RAxML_info.score:freq 0.290257 0.214764 0.272029 0.22295
raxmlboot.5514.c1c2-filterlen33/RAxML_info.score:freq 0.258933 0.221734 0.266513 0.252821
raxmlboot.5516.c1c2-filterlen33/RAxML_info.score:freq 0.245512 0.24965 0.260735 0.244103
raxmlboot.5521.c1c2-filterlen33/RAxML_info.score:freq 0.29898 0.217387 0.237219 0.246414
raxmlboot.5528.c1c2-filterlen33/RAxML_info.score:freq 0.294718 0.205432 0.273008 0.226842
raxmlboot.5536.c1c2-filterlen33/RAxML_info.score:freq 0.342139 0.233036 0.215863 0.208961
raxmlboot.5551.c1c2-filterlen33/RAxML_info.score:freq 0.318592 0.200103 0.259417 0.221888
raxmlboot.5558.c1c2-filterlen33/RAxML_info.score:freq 0.28472 0.215611 0.277608 0.222061
raxmlboot.5559.c1c2-filterlen33/RAxML_info.score:freq 0.301637 0.207686 0.283623 0.207054
raxmlboot.5571.c1c2-filterlen33/RAxML_info.score:freq 0.239229 0.253647 0.258115 0.249008
raxmlboot.5578.c1c2-filterlen33/RAxML_info.score:freq 0.322198 0.239286 0.302795 0.135721
raxmlboot.5579.c1c2-filterlen33/RAxML_info.score:freq 0.299148 0.190761 0.260253 0.249839
raxmlboot.5582.c1c2-filterlen33/RAxML_info.score:freq 0.282255 0.2145 0.246432 0.256813
raxmlboot.5588.c1c2-filterlen33/RAxML_info.score:freq 0.349978 0.200665 0.280941 0.168415
raxmlboot.5600.c1c2-filterlen33/RAxML_info.score:freq 0.288756 0.228528 0.250061 0.232655
raxmlboot.5601.c1c2-filterlen33/RAxML_info.score:freq 0.37196 0.193757 0.240235 0.194047
raxmlboot.5604.c1c2-filterlen33/RAxML_info.score:freq 0.250379 0.227675 0.270181 0.251765
raxmlboot.5607.c1c2-filterlen33/RAxML_info.score:freq 0.346908 0.22086 0.259708 0.172524
raxmlboot.5628.c1c2-filterlen33/RAxML_info.score:freq 0.363512 0.197163 0.24335 0.195976
raxmlboot.5631.c1c2-filterlen33/RAxML_info.score:freq 0.243842 0.237708 0.268047 0.250404
raxmlboot.5644.c1c2-filterlen33/RAxML_info.score:freq 0.329683 0.221401 0.274362 0.174553
raxmlboot.5648.c1c2-filterlen33/RAxML_info.score:freq 0.297416 0.231964 0.263825 0.206795
raxmlboot.5656.c1c2-filterlen33/RAxML_info.score:freq 0.278336 0.219136 0.267488 0.235039
raxmlboot.5672.c1c2-filterlen33/RAxML_info.score:freq 0.299042 0.221725 0.244757 0.234476
raxmlboot.5675.c1c2-filterlen33/RAxML_info.score:freq 0.256309 0.200888 0.272202 0.270602
raxmlboot.5676.c1c2-filterlen33/RAxML_info.score:freq 0.286541 0.229092 0.260114 0.224253
raxmlboot.5679.c1c2-filterlen33/RAxML_info.score:freq 0.268572 0.25803 0.238652 0.234746
raxmlboot.5683.c1c2-filterlen33/RAxML_info.score:freq 0.308545 0.246669 0.220407 0.224379
raxmlboot.5686.c1c2-filterlen33/RAxML_info.score:freq 0.312646 0.184427 0.277903 0.225025
raxmlboot.5706.c1c2-filterlen33/RAxML_info.score:freq 0.279778 0.215418 0.233478 0.271326
raxmlboot.5715.c1c2-filterlen33/RAxML_info.score:freq 0.234439 0.216454 0.21342 0.335687
raxmlboot.5721.c1c2-filterlen33/RAxML_info.score:freq 0.308255 0.210581 0.23392 0.247244
raxmlboot.5722.c1c2-filterlen33/RAxML_info.score:freq 0.344125 0.221816 0.257686 0.176372
raxmlboot.5729.c1c2-filterlen33/RAxML_info.score:freq 0.259989 0.212724 0.27261 0.254677
raxmlboot.5737.c1c2-filterlen33/RAxML_info.score:freq 0.313409 0.210466 0.241559 0.234566
raxmlboot.5749.c1c2-filterlen33/RAxML_info.score:freq 0.282663 0.225975 0.253487 0.237875
raxmlboot.5755.c1c2-filterlen33/RAxML_info.score:freq 0.255519 0.244522 0.24998 0.249979
raxmlboot.5758.c1c2-filterlen33/RAxML_info.score:freq 0.270953 0.221998 0.276791 0.230258
raxmlboot.5763.c1c2-filterlen33/RAxML_info.score:freq 0.266771 0.234884 0.261569 0.236776
raxmlboot.5769.c1c2-filterlen33/RAxML_info.score:freq 0.283491 0.228688 0.27969 0.208131
raxmlboot.5786.c1c2-filterlen33/RAxML_info.score:freq 0.249101 0.238931 0.270206 0.241763
raxmlboot.5791.c1c2-filterlen33/RAxML_info.score:freq 0.301538 0.213542 0.259057 0.225863
raxmlboot.5801.c1c2-filterlen33/RAxML_info.score:freq 0.282273 0.21537 0.264467 0.237889
raxmlboot.5808.c1c2-filterlen33/RAxML_info.score:freq 0.300095 0.208503 0.283072 0.20833
raxmlboot.5816.c1c2-filterlen33/RAxML_info.score:freq 0.292478 0.21578 0.253227 0.238515
raxmlboot.5821.c1c2-filterlen33/RAxML_info.score:freq 0.324146 0.221693 0.229047 0.225113
raxmlboot.5823.c1c2-filterlen33/RAxML_info.score:freq 0.293716 0.212673 0.262198 0.231413
raxmlboot.5824.c1c2-filterlen33/RAxML_info.score:freq 0.241257 0.234692 0.255627 0.268424
raxmlboot.5830.c1c2-filterlen33/RAxML_info.score:freq 0.295348 0.22124 0.241838 0.241574
raxmlboot.5834.c1c2-filterlen33/RAxML_info.score:freq 0.300101 0.228024 0.237243 0.234632
raxmlboot.5836.c1c2-filterlen33/RAxML_info.score:freq 0.284183 0.228637 0.254986 0.232194
raxmlboot.5839.c1c2-filterlen33/RAxML_info.score:freq 0.257837 0.22136 0.278475 0.242328
raxmlboot.5843.c1c2-filterlen33/RAxML_info.score:freq 0.352751 0.192118 0.227655 0.227475
raxmlboot.5847.c1c2-filterlen33/RAxML_info.score:freq 0.320513 0.192034 0.257077 0.230376
raxmlboot.5853.c1c2-filterlen33/RAxML_info.score:freq 0.333325 0.183266 0.249757 0.233653
raxmlboot.5858.c1c2-filterlen33/RAxML_info.score:freq 0.253369 0.218245 0.282864 0.245522
raxmlboot.5870.c1c2-filterlen33/RAxML_info.score:freq 0.33069 0.213776 0.249807 0.205727
raxmlboot.5875.c1c2-filterlen33/RAxML_info.score:freq 0.288975 0.273735 0.230027 0.207263
raxmlboot.5881.c1c2-filterlen33/RAxML_info.score:freq 0.201696 0.232587 0.235699 0.330018
raxmlboot.5891.c1c2-filterlen33/RAxML_info.score:freq 0.27492 0.223348 0.264614 0.237117
raxmlboot.5894.c1c2-filterlen33/RAxML_info.score:freq 0.299298 0.236562 0.255857 0.208284
raxmlboot.5903.c1c2-filterlen33/RAxML_info.score:freq 0.30995 0.249927 0.221701 0.218421
raxmlboot.5905.c1c2-filterlen33/RAxML_info.score:freq 0.269527 0.213356 0.287481 0.229635
raxmlboot.5911.c1c2-filterlen33/RAxML_info.score:freq 0.282507 0.208546 0.313999 0.194948
raxmlboot.5915.c1c2-filterlen33/RAxML_info.score:freq 0.26939 0.229405 0.262556 0.238649
raxmlboot.5918.c1c2-filterlen33/RAxML_info.score:freq 0.27929 0.243408 0.279197 0.198105
raxmlboot.5919.c1c2-filterlen33/RAxML_info.score:freq 0.37923 0.220904 0.249311 0.150554
raxmlboot.5925.c1c2-filterlen33/RAxML_info.score:freq 0.296486 0.195622 0.25767 0.250222
raxmlboot.5928.c1c2-filterlen33/RAxML_info.score:freq 0.222932 0.244232 0.257351 0.275484
raxmlboot.5934.c1c2-filterlen33/RAxML_info.score:freq 0.271224 0.216669 0.231006 0.2811
raxmlboot.5939.c1c2-filterlen33/RAxML_info.score:freq 0.299657 0.20248 0.28563 0.212233
raxmlboot.5944.c1c2-filterlen33/RAxML_info.score:freq 0.317173 0.237331 0.229446 0.21605
raxmlboot.5951.c1c2-filterlen33/RAxML_info.score:freq 0.382132 0.206219 0.25816 0.153489
raxmlboot.5954.c1c2-filterlen33/RAxML_info.score:freq 0.306301 0.20376 0.248477 0.241462
raxmlboot.5955.c1c2-filterlen33/RAxML_info.score:freq 0.245976 0.21086 0.328468 0.214697
raxmlboot.5957.c1c2-filterlen33/RAxML_info.score:freq 0.275907 0.209141 0.278432 0.23652
raxmlboot.5964.c1c2-filterlen33/RAxML_info.score:freq 0.303581 0.216344 0.236379 0.243696
raxmlboot.5967.c1c2-filterlen33/RAxML_info.score:freq 0.251107 0.24053 0.258505 0.249858
raxmlboot.5979.c1c2-filterlen33/RAxML_info.score:freq 0.312699 0.206844 0.248512 0.231944
raxmlboot.5986.c1c2-filterlen33/RAxML_info.score:freq 0.315617 0.205582 0.248159 0.230642
raxmlboot.5991.c1c2-filterlen33/RAxML_info.score:freq 0.385641 0.15815 0.271539 0.184671
raxmlboot.5993.c1c2-filterlen33/RAxML_info.score:freq 0.284581 0.241581 0.250414 0.223423
raxmlboot.6000.c1c2-filterlen33/RAxML_info.score:freq 0.375817 0.186636 0.246673 0.190874
raxmlboot.6001.c1c2-filterlen33/RAxML_info.score:freq 0.270277 0.229806 0.259581 0.240336
raxmlboot.6010.c1c2-filterlen33/RAxML_info.score:freq 0.314096 0.243663 0.254438 0.187803
raxmlboot.6016.c1c2-filterlen33/RAxML_info.score:freq 0.217869 0.281292 0.264715 0.236124
raxmlboot.6022.c1c2-filterlen33/RAxML_info.score:freq 0.24507 0.235869 0.267447 0.251614
raxmlboot.6025.c1c2-filterlen33/RAxML_info.score:freq 0.253661 0.233828 0.300125 0.212386
raxmlboot.6026.c1c2-filterlen33/RAxML_info.score:freq 0.313669 0.300094 0.191344 0.194893
raxmlboot.6032.c1c2-filterlen33/RAxML_info.score:freq 0.304789 0.255426 0.244206 0.195579
raxmlboot.6036.c1c2-filterlen33/RAxML_info.score:freq 0.303433 0.217747 0.238509 0.240311
raxmlboot.6039.c1c2-filterlen33/RAxML_info.score:freq 0.311877 0.239239 0.180726 0.268158
raxmlboot.6040.c1c2-filterlen33/RAxML_info.score:freq 0.297613 0.215274 0.253635 0.233477
raxmlboot.6045.c1c2-filterlen33/RAxML_info.score:freq 0.289661 0.217587 0.295046 0.197705
raxmlboot.6053.c1c2-filterlen33/RAxML_info.score:freq 0.315385 0.193919 0.255616 0.235081
raxmlboot.6066.c1c2-filterlen33/RAxML_info.score:freq 0.251132 0.248667 0.243688 0.256513
raxmlboot.6069.c1c2-filterlen33/RAxML_info.score:freq 0.316983 0.192242 0.272984 0.217791
raxmlboot.6075.c1c2-filterlen33/RAxML_info.score:freq 0.205457 0.253541 0.261688 0.279314
raxmlboot.6076.c1c2-filterlen33/RAxML_info.score:freq 0.308591 0.211631 0.251441 0.228336
raxmlboot.6086.c1c2-filterlen33/RAxML_info.score:freq 0.308371 0.274682 0.253425 0.163522
raxmlboot.6092.c1c2-filterlen33/RAxML_info.score:freq 0.273722 0.208481 0.240999 0.276799
raxmlboot.6094.c1c2-filterlen33/RAxML_info.score:freq 0.256109 0.222332 0.267902 0.253656
raxmlboot.6107.c1c2-filterlen33/RAxML_info.score:freq 0.274283 0.225038 0.264795 0.235884
raxmlboot.6120.c1c2-filterlen33/RAxML_info.score:freq 0.284599 0.221568 0.26244 0.231392
raxmlboot.6121.c1c2-filterlen33/RAxML_info.score:freq 0.214181 0.219012 0.260109 0.306697
raxmlboot.6123.c1c2-filterlen33/RAxML_info.score:freq 0.252441 0.216381 0.236898 0.29428
raxmlboot.6128.c1c2-filterlen33/RAxML_info.score:freq 0.339145 0.21247 0.275165 0.17322
raxmlboot.6131.c1c2-filterlen33/RAxML_info.score:freq 0.320807 0.205717 0.251821 0.221654
raxmlboot.6134.c1c2-filterlen33/RAxML_info.score:freq 0.333294 0.204556 0.246941 0.215208
raxmlboot.6140.c1c2-filterlen33/RAxML_info.score:freq 0.332701 0.204983 0.247979 0.214337
raxmlboot.6145.c1c2-filterlen33/RAxML_info.score:freq 0.281427 0.216457 0.270545 0.231571
raxmlboot.6150.c1c2-filterlen33/RAxML_info.score:freq 0.279821 0.231057 0.239192 0.24993
raxmlboot.6154.c1c2-filterlen33/RAxML_info.score:freq 0.271761 0.227769 0.263476 0.236995
raxmlboot.6155.c1c2-filterlen33/RAxML_info.score:freq 0.29371 0.218401 0.256799 0.231089
raxmlboot.6159.c1c2-filterlen33/RAxML_info.score:freq 0.294864 0.216161 0.263556 0.225419
raxmlboot.6162.c1c2-filterlen33/RAxML_info.score:freq 0.250377 0.245343 0.295808 0.208472
raxmlboot.6171.c1c2-filterlen33/RAxML_info.score:freq 0.270049 0.218376 0.235323 0.276252
raxmlboot.6175.c1c2-filterlen33/RAxML_info.score:freq 0.295498 0.232333 0.245799 0.22637
raxmlboot.6176.c1c2-filterlen33/RAxML_info.score:freq 0.303806 0.205092 0.215476 0.275626
raxmlboot.6179.c1c2-filterlen33/RAxML_info.score:freq 0.283734 0.241451 0.270501 0.204313
raxmlboot.6180.c1c2-filterlen33/RAxML_info.score:freq 0.279349 0.243569 0.270221 0.206861
raxmlboot.6191.c1c2-filterlen33/RAxML_info.score:freq 0.390773 0.199944 0.221109 0.188174
raxmlboot.6193.c1c2-filterlen33/RAxML_info.score:freq 0.296086 0.181998 0.292103 0.229813
raxmlboot.6194.c1c2-filterlen33/RAxML_info.score:freq 0.27936 0.236998 0.245299 0.238343
raxmlboot.6195.c1c2-filterlen33/RAxML_info.score:freq 0.275921 0.258483 0.226945 0.238651
raxmlboot.6202.c1c2-filterlen33/RAxML_info.score:freq 0.285141 0.215472 0.263354 0.236034
raxmlboot.6207.c1c2-filterlen33/RAxML_info.score:freq 0.318236 0.224566 0.245823 0.211376
raxmlboot.6210.c1c2-filterlen33/RAxML_info.score:freq 0.305424 0.224442 0.261687 0.208446
raxmlboot.6224.c1c2-filterlen33/RAxML_info.score:freq 0.280719 0.248668 0.23879 0.231822
raxmlboot.6226.c1c2-filterlen33/RAxML_info.score:freq 0.264561 0.197652 0.287588 0.250199
raxmlboot.6233.c1c2-filterlen33/RAxML_info.score:freq 0.275102 0.211741 0.275784 0.237373
raxmlboot.6240.c1c2-filterlen33/RAxML_info.score:freq 0.287582 0.226548 0.230757 0.255113
raxmlboot.6246.c1c2-filterlen33/RAxML_info.score:freq 0.298992 0.304763 0.226044 0.170201
raxmlboot.6249.c1c2-filterlen33/RAxML_info.score:freq 0.313833 0.207928 0.254509 0.22373
raxmlboot.6251.c1c2-filterlen33/RAxML_info.score:freq 0.331598 0.261498 0.229353 0.177551
raxmlboot.6280.c1c2-filterlen33/RAxML_info.score:freq 0.208917 0.265887 0.223229 0.301967
raxmlboot.6284.c1c2-filterlen33/RAxML_info.score:freq 0.26597 0.213622 0.25908 0.261328
raxmlboot.6294.c1c2-filterlen33/RAxML_info.score:freq 0.334605 0.224449 0.265674 0.175272
raxmlboot.6296.c1c2-filterlen33/RAxML_info.score:freq 0.295862 0.207891 0.203614 0.292633
raxmlboot.6299.c1c2-filterlen33/RAxML_info.score:freq 0.343398 0.206957 0.266702 0.182943
raxmlboot.6302.c1c2-filterlen33/RAxML_info.score:freq 0.254666 0.218298 0.232781 0.294255
raxmlboot.6308.c1c2-filterlen33/RAxML_info.score:freq 0.255038 0.178612 0.299496 0.266853
raxmlboot.6313.c1c2-filterlen33/RAxML_info.score:freq 0.265714 0.220496 0.277749 0.236042
raxmlboot.6315.c1c2-filterlen33/RAxML_info.score:freq 0.26895 0.231053 0.252672 0.247325
raxmlboot.6322.c1c2-filterlen33/RAxML_info.score:freq 0.272972 0.206307 0.250545 0.270176
raxmlboot.6324.c1c2-filterlen33/RAxML_info.score:freq 0.264513 0.235132 0.290781 0.209574
raxmlboot.6339.c1c2-filterlen33/RAxML_info.score:freq 0.249252 0.23461 0.27792 0.238218
raxmlboot.6341.c1c2-filterlen33/RAxML_info.score:freq 0.277697 0.206937 0.295569 0.219797
raxmlboot.6342.c1c2-filterlen33/RAxML_info.score:freq 0.266103 0.218299 0.269562 0.246036
raxmlboot.6349.c1c2-filterlen33/RAxML_info.score:freq 0.276742 0.217695 0.26445 0.241113
raxmlboot.6353.c1c2-filterlen33/RAxML_info.score:freq 0.327682 0.22791 0.252446 0.191963
raxmlboot.6354.c1c2-filterlen33/RAxML_info.score:freq 0.231414 0.238544 0.241166 0.288876
raxmlboot.6358.c1c2-filterlen33/RAxML_info.score:freq 0.275739 0.25478 0.267454 0.202027
raxmlboot.6360.c1c2-filterlen33/RAxML_info.score:freq 0.293124 0.228156 0.22759 0.25113
raxmlboot.6361.c1c2-filterlen33/RAxML_info.score:freq 0.243068 0.258797 0.243704 0.25443
raxmlboot.6376.c1c2-filterlen33/RAxML_info.score:freq 0.250948 0.222144 0.284322 0.242586
raxmlboot.6379.c1c2-filterlen33/RAxML_info.score:freq 0.24724 0.243199 0.25442 0.255141
raxmlboot.6380.c1c2-filterlen33/RAxML_info.score:freq 0.32973 0.189582 0.255677 0.225012
raxmlboot.6381.c1c2-filterlen33/RAxML_info.score:freq 0.293645 0.214607 0.27412 0.217628
raxmlboot.6383.c1c2-filterlen33/RAxML_info.score:freq 0.260887 0.225926 0.289838 0.223348
raxmlboot.6387.c1c2-filterlen33/RAxML_info.score:freq 0.298793 0.223737 0.260843 0.216627
raxmlboot.6390.c1c2-filterlen33/RAxML_info.score:freq 0.31949 0.18876 0.248304 0.243447
raxmlboot.6392.c1c2-filterlen33/RAxML_info.score:freq 0.289696 0.247079 0.234526 0.228698
raxmlboot.6401.c1c2-filterlen33/RAxML_info.score:freq 0.341768 0.166136 0.259895 0.2322
raxmlboot.6403.c1c2-filterlen33/RAxML_info.score:freq 0.257549 0.21087 0.246076 0.285505
raxmlboot.6405.c1c2-filterlen33/RAxML_info.score:freq 0.264233 0.240751 0.262144 0.232873
raxmlboot.6406.c1c2-filterlen33/RAxML_info.score:freq 0.284925 0.217508 0.280046 0.217521
raxmlboot.6407.c1c2-filterlen33/RAxML_info.score:freq 0.281272 0.223077 0.270003 0.225648
raxmlboot.6410.c1c2-filterlen33/RAxML_info.score:freq 0.284162 0.246231 0.219687 0.24992
raxmlboot.6411.c1c2-filterlen33/RAxML_info.score:freq 0.258874 0.228727 0.274057 0.238341
raxmlboot.6412.c1c2-filterlen33/RAxML_info.score:freq 0.272517 0.218704 0.253842 0.254937
raxmlboot.6413.c1c2-filterlen33/RAxML_info.score:freq 0.294803 0.213221 0.243719 0.248256
raxmlboot.6414.c1c2-filterlen33/RAxML_info.score:freq 0.270491 0.220427 0.260319 0.248763
raxmlboot.6416.c1c2-filterlen33/RAxML_info.score:freq 0.245182 0.310189 0.220187 0.224442
raxmlboot.6418.c1c2-filterlen33/RAxML_info.score:freq 0.29787 0.218692 0.261168 0.222269
raxmlboot.6421.c1c2-filterlen33/RAxML_info.score:freq 0.277099 0.178417 0.31197 0.232514
raxmlboot.6422.c1c2-filterlen33/RAxML_info.score:freq 0.267426 0.240619 0.28815 0.203805
raxmlboot.6427.c1c2-filterlen33/RAxML_info.score:freq 0.32303 0.195459 0.246516 0.234994
raxmlboot.6431.c1c2-filterlen33/RAxML_info.score:freq 0.312546 0.215929 0.255732 0.215793
raxmlboot.6433.c1c2-filterlen33/RAxML_info.score:freq 0.286357 0.232766 0.256823 0.224054
raxmlboot.6434.c1c2-filterlen33/RAxML_info.score:freq 0.262946 0.387558 0.158424 0.191072
raxmlboot.6438.c1c2-filterlen33/RAxML_info.score:freq 0.307331 0.242218 0.236014 0.214438
raxmlboot.6440.c1c2-filterlen33/RAxML_info.score:freq 0.305144 0.213232 0.2343 0.247325
raxmlboot.6460.c1c2-filterlen33/RAxML_info.score:freq 0.32438 0.20726 0.235274 0.233086
raxmlboot.6472.c1c2-filterlen33/RAxML_info.score:freq 0.308165 0.207975 0.257885 0.225975
raxmlboot.6479.c1c2-filterlen33/RAxML_info.score:freq 0.247628 0.238878 0.265899 0.247595
raxmlboot.6486.c1c2-filterlen33/RAxML_info.score:freq 0.320218 0.224987 0.266197 0.188599
raxmlboot.6490.c1c2-filterlen33/RAxML_info.score:freq 0.265519 0.234445 0.273813 0.226222
raxmlboot.6491.c1c2-filterlen33/RAxML_info.score:freq 0.367596 0.161359 0.320024 0.151021
raxmlboot.6494.c1c2-filterlen33/RAxML_info.score:freq 0.252216 0.235639 0.238503 0.273643
raxmlboot.6510.c1c2-filterlen33/RAxML_info.score:freq 0.311784 0.224104 0.257631 0.20648
raxmlboot.6511.c1c2-filterlen33/RAxML_info.score:freq 0.259051 0.291517 0.214942 0.234489
raxmlboot.6512.c1c2-filterlen33/RAxML_info.score:freq 0.279963 0.206588 0.249871 0.263577
raxmlboot.6514.c1c2-filterlen33/RAxML_info.score:freq 0.253628 0.226817 0.278586 0.240969
raxmlboot.6515.c1c2-filterlen33/RAxML_info.score:freq 0.308881 0.180181 0.284087 0.226851
raxmlboot.6518.c1c2-filterlen33/RAxML_info.score:freq 0.273965 0.228684 0.265732 0.231619
raxmlboot.6524.c1c2-filterlen33/RAxML_info.score:freq 0.244011 0.284696 0.20011 0.271183
raxmlboot.6525.c1c2-filterlen33/RAxML_info.score:freq 0.259253 0.213838 0.277187 0.249722
raxmlboot.6526.c1c2-filterlen33/RAxML_info.score:freq 0.30886 0.240837 0.255864 0.194438
raxmlboot.6531.c1c2-filterlen33/RAxML_info.score:freq 0.322225 0.203492 0.277178 0.197106
raxmlboot.6532.c1c2-filterlen33/RAxML_info.score:freq 0.28373 0.208788 0.294479 0.213003
raxmlboot.6533.c1c2-filterlen33/RAxML_info.score:freq 0.267944 0.223877 0.275701 0.232478
raxmlboot.6534.c1c2-filterlen33/RAxML_info.score:freq 0.22129 0.240577 0.233669 0.304463
raxmlboot.6537.c1c2-filterlen33/RAxML_info.score:freq 0.341768 0.214329 0.311808 0.132095
raxmlboot.6539.c1c2-filterlen33/RAxML_info.score:freq 0.286535 0.189566 0.277569 0.24633
raxmlboot.6551.c1c2-filterlen33/RAxML_info.score:freq 0.32433 0.228982 0.261629 0.185059
raxmlboot.6554.c1c2-filterlen33/RAxML_info.score:freq 0.218535 0.249784 0.196913 0.334768
raxmlboot.6558.c1c2-filterlen33/RAxML_info.score:freq 0.260403 0.24685 0.244919 0.247828
raxmlboot.6560.c1c2-filterlen33/RAxML_info.score:freq 0.257134 0.234621 0.266433 0.241811
raxmlboot.6564.c1c2-filterlen33/RAxML_info.score:freq 0.267636 0.265514 0.255005 0.211845
raxmlboot.6572.c1c2-filterlen33/RAxML_info.score:freq 0.236235 0.236121 0.213971 0.313673
raxmlboot.6575.c1c2-filterlen33/RAxML_info.score:freq 0.284076 0.222806 0.263011 0.230107
raxmlboot.6576.c1c2-filterlen33/RAxML_info.score:freq 0.275845 0.209309 0.292756 0.22209
raxmlboot.6578.c1c2-filterlen33/RAxML_info.score:freq 0.282683 0.221241 0.250629 0.245446
raxmlboot.6580.c1c2-filterlen33/RAxML_info.score:freq 0.280994 0.231274 0.253564 0.234168
raxmlboot.6581.c1c2-filterlen33/RAxML_info.score:freq 0.30104 0.272938 0.250211 0.175811
raxmlboot.6586.c1c2-filterlen33/RAxML_info.score:freq 0.324234 0.201006 0.250673 0.224087
raxmlboot.6587.c1c2-filterlen33/RAxML_info.score:freq 0.29597 0.235702 0.264456 0.203872
raxmlboot.6591.c1c2-filterlen33/RAxML_info.score:freq 0.300566 0.20279 0.257812 0.238832
raxmlboot.6592.c1c2-filterlen33/RAxML_info.score:freq 0.30514 0.237323 0.244412 0.213125
raxmlboot.6603.c1c2-filterlen33/RAxML_info.score:freq 0.239836 0.242983 0.277477 0.239704
raxmlboot.6604.c1c2-filterlen33/RAxML_info.score:freq 0.256136 0.239838 0.268563 0.235463
raxmlboot.6609.c1c2-filterlen33/RAxML_info.score:freq 0.346809 0.183269 0.297896 0.172026
raxmlboot.6614.c1c2-filterlen33/RAxML_info.score:freq 0.235159 0.222356 0.263385 0.2791
raxmlboot.6616.c1c2-filterlen33/RAxML_info.score:freq 0.3122 0.204996 0.240138 0.242666
raxmlboot.6618.c1c2-filterlen33/RAxML_info.score:freq 0.320545 0.188207 0.293841 0.197407
raxmlboot.6619.c1c2-filterlen33/RAxML_info.score:freq 0.261885 0.232944 0.268032 0.23714
raxmlboot.6635.c1c2-filterlen33/RAxML_info.score:freq 0.235856 0.285984 0.241403 0.236757
raxmlboot.6646.c1c2-filterlen33/RAxML_info.score:freq 0.279513 0.24475 0.228887 0.24685
raxmlboot.6647.c1c2-filterlen33/RAxML_info.score:freq 0.288007 0.206659 0.255716 0.249618
raxmlboot.6655.c1c2-filterlen33/RAxML_info.score:freq 0.262969 0.225501 0.243528 0.268001
raxmlboot.6660.c1c2-filterlen33/RAxML_info.score:freq 0.313727 0.211284 0.253488 0.221501
raxmlboot.6663.c1c2-filterlen33/RAxML_info.score:freq 0.250188 0.245031 0.26016 0.24462
raxmlboot.6664.c1c2-filterlen33/RAxML_info.score:freq 0.306742 0.198881 0.259146 0.23523
raxmlboot.6668.c1c2-filterlen33/RAxML_info.score:freq 0.310037 0.229547 0.269741 0.190675
raxmlboot.6675.c1c2-filterlen33/RAxML_info.score:freq 0.277361 0.217073 0.288555 0.217011
raxmlboot.6677.c1c2-filterlen33/RAxML_info.score:freq 0.29365 0.212997 0.28399 0.209363
raxmlboot.6681.c1c2-filterlen33/RAxML_info.score:freq 0.329175 0.245838 0.24553 0.179457
raxmlboot.6687.c1c2-filterlen33/RAxML_info.score:freq 0.278159 0.21258 0.274398 0.234863
raxmlboot.6689.c1c2-filterlen33/RAxML_info.score:freq 0.297623 0.26255 0.237661 0.202165
raxmlboot.6691.c1c2-filterlen33/RAxML_info.score:freq 0.277098 0.209914 0.277922 0.235067
raxmlboot.6694.c1c2-filterlen33/RAxML_info.score:freq 0.206375 0.239904 0.254938 0.298783
raxmlboot.6695.c1c2-filterlen33/RAxML_info.score:freq 0.284241 0.229612 0.236253 0.249894
raxmlboot.6697.c1c2-filterlen33/RAxML_info.score:freq 0.328761 0.197574 0.250003 0.223662
raxmlboot.6701.c1c2-filterlen33/RAxML_info.score:freq 0.27291 0.222744 0.28836 0.215986
raxmlboot.6703.c1c2-filterlen33/RAxML_info.score:freq 0.267669 0.271852 0.244147 0.216332
raxmlboot.6708.c1c2-filterlen33/RAxML_info.score:freq 0.306655 0.215831 0.259896 0.217617
raxmlboot.6713.c1c2-filterlen33/RAxML_info.score:freq 0.215711 0.245144 0.257095 0.28205
raxmlboot.6715.c1c2-filterlen33/RAxML_info.score:freq 0.280849 0.241201 0.264198 0.213752
raxmlboot.6725.c1c2-filterlen33/RAxML_info.score:freq 0.282016 0.209577 0.228334 0.280073
raxmlboot.6728.c1c2-filterlen33/RAxML_info.score:freq 0.275254 0.244365 0.273554 0.206827
raxmlboot.6729.c1c2-filterlen33/RAxML_info.score:freq 0.257078 0.248503 0.251281 0.243137
raxmlboot.6731.c1c2-filterlen33/RAxML_info.score:freq 0.251379 0.245034 0.303548 0.200039
raxmlboot.6732.c1c2-filterlen33/RAxML_info.score:freq 0.289103 0.19311 0.262477 0.25531
raxmlboot.6737.c1c2-filterlen33/RAxML_info.score:freq 0.26693 0.23114 0.259262 0.242669
raxmlboot.6740.c1c2-filterlen33/RAxML_info.score:freq 0.267481 0.237911 0.23379 0.260817
raxmlboot.6743.c1c2-filterlen33/RAxML_info.score:freq 0.274947 0.222656 0.301649 0.200747
raxmlboot.6749.c1c2-filterlen33/RAxML_info.score:freq 0.304103 0.210652 0.262995 0.22225
raxmlboot.6750.c1c2-filterlen33/RAxML_info.score:freq 0.268773 0.222644 0.251058 0.257525
raxmlboot.6753.c1c2-filterlen33/RAxML_info.score:freq 0.277843 0.211998 0.250217 0.259942
raxmlboot.6770.c1c2-filterlen33/RAxML_info.score:freq 0.281214 0.193784 0.266774 0.258228
raxmlboot.6775.c1c2-filterlen33/RAxML_info.score:freq 0.221296 0.229131 0.230337 0.319235
raxmlboot.6785.c1c2-filterlen33/RAxML_info.score:freq 0.269425 0.238935 0.27275 0.21889
raxmlboot.6786.c1c2-filterlen33/RAxML_info.score:freq 0.298767 0.193517 0.241579 0.266136
raxmlboot.6787.c1c2-filterlen33/RAxML_info.score:freq 0.343728 0.234168 0.219102 0.203002
raxmlboot.6788.c1c2-filterlen33/RAxML_info.score:freq 0.283561 0.217543 0.267896 0.230999
raxmlboot.6789.c1c2-filterlen33/RAxML_info.score:freq 0.291583 0.225368 0.249919 0.23313
raxmlboot.6790.c1c2-filterlen33/RAxML_info.score:freq 0.26727 0.233568 0.25603 0.243132
raxmlboot.6800.c1c2-filterlen33/RAxML_info.score:freq 0.267611 0.243867 0.237959 0.250563
raxmlboot.6805.c1c2-filterlen33/RAxML_info.score:freq 0.305474 0.200305 0.271701 0.22252
raxmlboot.6806.c1c2-filterlen33/RAxML_info.score:freq 0.287504 0.202419 0.272088 0.237989
raxmlboot.6807.c1c2-filterlen33/RAxML_info.score:freq 0.259702 0.226411 0.272101 0.241786
raxmlboot.6820.c1c2-filterlen33/RAxML_info.score:freq 0.246365 0.264473 0.251594 0.237568
raxmlboot.6822.c1c2-filterlen33/RAxML_info.score:freq 0.305052 0.218961 0.243438 0.232549
raxmlboot.6827.c1c2-filterlen33/RAxML_info.score:freq 0.292553 0.222067 0.238647 0.246733
raxmlboot.6831.c1c2-filterlen33/RAxML_info.score:freq 0.282366 0.21355 0.241682 0.262402
raxmlboot.6836.c1c2-filterlen33/RAxML_info.score:freq 0.266283 0.221833 0.284492 0.227393
raxmlboot.6838.c1c2-filterlen33/RAxML_info.score:freq 0.293371 0.231358 0.24981 0.225461
raxmlboot.6842.c1c2-filterlen33/RAxML_info.score:freq 0.228293 0.196604 0.242434 0.332669
raxmlboot.6849.c1c2-filterlen33/RAxML_info.score:freq 0.289543 0.22161 0.268653 0.220194
raxmlboot.6852.c1c2-filterlen33/RAxML_info.score:freq 0.2414 0.276718 0.273605 0.208277
raxmlboot.6863.c1c2-filterlen33/RAxML_info.score:freq 0.263842 0.215195 0.280516 0.240448
raxmlboot.6866.c1c2-filterlen33/RAxML_info.score:freq 0.299304 0.183004 0.298103 0.219589
raxmlboot.6870.c1c2-filterlen33/RAxML_info.score:freq 0.276093 0.221348 0.262681 0.239878
raxmlboot.6872.c1c2-filterlen33/RAxML_info.score:freq 0.258901 0.268196 0.227105 0.245798
raxmlboot.6878.c1c2-filterlen33/RAxML_info.score:freq 0.314793 0.224282 0.299174 0.161751
raxmlboot.6891.c1c2-filterlen33/RAxML_info.score:freq 0.252531 0.212614 0.270734 0.264122
raxmlboot.6892.c1c2-filterlen33/RAxML_info.score:freq 0.231439 0.243785 0.288979 0.235798
raxmlboot.6893.c1c2-filterlen33/RAxML_info.score:freq 0.270191 0.223301 0.269973 0.236535
raxmlboot.6894.c1c2-filterlen33/RAxML_info.score:freq 0.296574 0.215901 0.251411 0.236114
raxmlboot.6898.c1c2-filterlen33/RAxML_info.score:freq 0.324566 0.230547 0.237923 0.206964
raxmlboot.6907.c1c2-filterlen33/RAxML_info.score:freq 0.244082 0.216314 0.301302 0.238301
raxmlboot.6909.c1c2-filterlen33/RAxML_info.score:freq 0.287592 0.215019 0.237995 0.259394
raxmlboot.6916.c1c2-filterlen33/RAxML_info.score:freq 0.271131 0.226048 0.267075 0.235745
raxmlboot.6919.c1c2-filterlen33/RAxML_info.score:freq 0.263632 0.235214 0.287183 0.213971
raxmlboot.6929.c1c2-filterlen33/RAxML_info.score:freq 0.259347 0.235649 0.274508 0.230497
raxmlboot.6943.c1c2-filterlen33/RAxML_info.score:freq 0.303341 0.201448 0.26082 0.234392
raxmlboot.6948.c1c2-filterlen33/RAxML_info.score:freq 0.292531 0.168153 0.30867 0.230646
raxmlboot.6953.c1c2-filterlen33/RAxML_info.score:freq 0.283782 0.21423 0.270137 0.23185
raxmlboot.6957.c1c2-filterlen33/RAxML_info.score:freq 0.256622 0.227515 0.272861 0.243002
raxmlboot.6959.c1c2-filterlen33/RAxML_info.score:freq 0.286332 0.220327 0.269734 0.223607
raxmlboot.6960.c1c2-filterlen33/RAxML_info.score:freq 0.285532 0.231172 0.247801 0.235495
raxmlboot.6962.c1c2-filterlen33/RAxML_info.score:freq 0.312996 0.20949 0.243792 0.233722
raxmlboot.6972.c1c2-filterlen33/RAxML_info.score:freq 0.271414 0.227004 0.268113 0.233469
raxmlboot.6973.c1c2-filterlen33/RAxML_info.score:freq 0.26659 0.248765 0.25883 0.225815
raxmlboot.6978.c1c2-filterlen33/RAxML_info.score:freq 0.278278 0.269158 0.254359 0.198205
raxmlboot.6982.c1c2-filterlen33/RAxML_info.score:freq 0.316994 0.186738 0.257506 0.238762
raxmlboot.6984.c1c2-filterlen33/RAxML_info.score:freq 0.268429 0.183464 0.314478 0.233629
raxmlboot.6994.c1c2-filterlen33/RAxML_info.score:freq 0.287905 0.194584 0.243856 0.273654
raxmlboot.7002.c1c2-filterlen33/RAxML_info.score:freq 0.281983 0.219088 0.252846 0.246083
raxmlboot.7004.c1c2-filterlen33/RAxML_info.score:freq 0.275491 0.264609 0.247559 0.21234
raxmlboot.7005.c1c2-filterlen33/RAxML_info.score:freq 0.328281 0.188613 0.235853 0.247253
raxmlboot.7006.c1c2-filterlen33/RAxML_info.score:freq 0.324077 0.191011 0.271221 0.213691
raxmlboot.7007.c1c2-filterlen33/RAxML_info.score:freq 0.242459 0.208677 0.290955 0.257909
raxmlboot.7008.c1c2-filterlen33/RAxML_info.score:freq 0.241318 0.209597 0.223518 0.325566
raxmlboot.7009.c1c2-filterlen33/RAxML_info.score:freq 0.323682 0.191466 0.257448 0.227404
raxmlboot.7011.c1c2-filterlen33/RAxML_info.score:freq 0.278123 0.234621 0.268291 0.218964
raxmlboot.7015.c1c2-filterlen33/RAxML_info.score:freq 0.321079 0.226841 0.251195 0.200884
raxmlboot.7017.c1c2-filterlen33/RAxML_info.score:freq 0.267992 0.236179 0.287556 0.208273
raxmlboot.7020.c1c2-filterlen33/RAxML_info.score:freq 0.273681 0.230251 0.27362 0.222448
raxmlboot.7022.c1c2-filterlen33/RAxML_info.score:freq 0.314804 0.217174 0.257076 0.210947
raxmlboot.7024.c1c2-filterlen33/RAxML_info.score:freq 0.276596 0.224171 0.25396 0.245273
raxmlboot.7025.c1c2-filterlen33/RAxML_info.score:freq 0.25125 0.222722 0.26599 0.260038
raxmlboot.7026.c1c2-filterlen33/RAxML_info.score:freq 0.27064 0.227456 0.248629 0.253275
raxmlboot.7032.c1c2-filterlen33/RAxML_info.score:freq 0.311851 0.228035 0.234351 0.225763
raxmlboot.7037.c1c2-filterlen33/RAxML_info.score:freq 0.262395 0.231011 0.250114 0.256479
raxmlboot.7039.c1c2-filterlen33/RAxML_info.score:freq 0.361881 0.215307 0.266676 0.156135
raxmlboot.7041.c1c2-filterlen33/RAxML_info.score:freq 0.254388 0.240024 0.240028 0.265559
raxmlboot.7045.c1c2-filterlen33/RAxML_info.score:freq 0.367885 0.194228 0.238009 0.199878
raxmlboot.7068.c1c2-filterlen33/RAxML_info.score:freq 0.321114 0.205831 0.258396 0.214659
raxmlboot.7081.c1c2-filterlen33/RAxML_info.score:freq 0.270444 0.230632 0.248063 0.250861
raxmlboot.7089.c1c2-filterlen33/RAxML_info.score:freq 0.270665 0.223373 0.262104 0.243858
raxmlboot.7090.c1c2-filterlen33/RAxML_info.score:freq 0.339431 0.207474 0.307917 0.145178
raxmlboot.7091.c1c2-filterlen33/RAxML_info.score:freq 0.332454 0.173467 0.20902 0.285059
raxmlboot.7092.c1c2-filterlen33/RAxML_info.score:freq 0.313232 0.225171 0.264993 0.196604
raxmlboot.7093.c1c2-filterlen33/RAxML_info.score:freq 0.286462 0.208953 0.294661 0.209924
raxmlboot.7095.c1c2-filterlen33/RAxML_info.score:freq 0.283101 0.20608 0.275276 0.235543
raxmlboot.7097.c1c2-filterlen33/RAxML_info.score:freq 0.269924 0.206643 0.271374 0.252059
raxmlboot.7098.c1c2-filterlen33/RAxML_info.score:freq 0.285703 0.247494 0.24952 0.217283
raxmlboot.7100.c1c2-filterlen33/RAxML_info.score:freq 0.258906 0.226236 0.266502 0.248356
raxmlboot.7105.c1c2-filterlen33/RAxML_info.score:freq 0.346214 0.181575 0.229072 0.243139
raxmlboot.7108.c1c2-filterlen33/RAxML_info.score:freq 0.259853 0.218281 0.274791 0.247076
raxmlboot.7109.c1c2-filterlen33/RAxML_info.score:freq 0.29309 0.226361 0.253568 0.226981
raxmlboot.7111.c1c2-filterlen33/RAxML_info.score:freq 0.275941 0.247448 0.253402 0.223208
raxmlboot.7112.c1c2-filterlen33/RAxML_info.score:freq 0.243781 0.212697 0.238234 0.305288
raxmlboot.7115.c1c2-filterlen33/RAxML_info.score:freq 0.233296 0.245907 0.27381 0.246987
raxmlboot.7116.c1c2-filterlen33/RAxML_info.score:freq 0.30243 0.208973 0.268407 0.22019
raxmlboot.7122.c1c2-filterlen33/RAxML_info.score:freq 0.260875 0.236347 0.292008 0.21077
raxmlboot.7124.c1c2-filterlen33/RAxML_info.score:freq 0.274434 0.216299 0.264081 0.245186
raxmlboot.7126.c1c2-filterlen33/RAxML_info.score:freq 0.241724 0.235285 0.299175 0.223817
raxmlboot.7130.c1c2-filterlen33/RAxML_info.score:freq 0.351607 0.166941 0.253273 0.228178
raxmlboot.7136.c1c2-filterlen33/RAxML_info.score:freq 0.193563 0.332104 0.243271 0.231063
raxmlboot.7140.c1c2-filterlen33/RAxML_info.score:freq 0.317035 0.213557 0.268977 0.200431
raxmlboot.7143.c1c2-filterlen33/RAxML_info.score:freq 0.299784 0.211367 0.266464 0.222384
raxmlboot.7144.c1c2-filterlen33/RAxML_info.score:freq 0.292698 0.212401 0.234251 0.26065
raxmlboot.7146.c1c2-filterlen33/RAxML_info.score:freq 0.267019 0.225012 0.250067 0.257903
raxmlboot.7147.c1c2-filterlen33/RAxML_info.score:freq 0.277417 0.250186 0.218542 0.253855
raxmlboot.7154.c1c2-filterlen33/RAxML_info.score:freq 0.360297 0.217406 0.255708 0.166588
raxmlboot.7155.c1c2-filterlen33/RAxML_info.score:freq 0.35182 0.202704 0.293525 0.151952
raxmlboot.7157.c1c2-filterlen33/RAxML_info.score:freq 0.36439 0.163743 0.269304 0.202563
raxmlboot.7160.c1c2-filterlen33/RAxML_info.score:freq 0.295905 0.2721 0.230255 0.20174
raxmlboot.7162.c1c2-filterlen33/RAxML_info.score:freq 0.293118 0.225564 0.250158 0.231161
raxmlboot.7165.c1c2-filterlen33/RAxML_info.score:freq 0.319353 0.202609 0.289322 0.188716
raxmlboot.7168.c1c2-filterlen33/RAxML_info.score:freq 0.284565 0.238526 0.269006 0.207903
raxmlboot.7169.c1c2-filterlen33/RAxML_info.score:freq 0.285026 0.233429 0.226111 0.255434
raxmlboot.7173.c1c2-filterlen33/RAxML_info.score:freq 0.280869 0.211548 0.223752 0.283831
raxmlboot.7180.c1c2-filterlen33/RAxML_info.score:freq 0.288113 0.199053 0.289787 0.223047
raxmlboot.7183.c1c2-filterlen33/RAxML_info.score:freq 0.204054 0.274504 0.227086 0.294355
raxmlboot.7184.c1c2-filterlen33/RAxML_info.score:freq 0.301208 0.207029 0.253705 0.238057
raxmlboot.7186.c1c2-filterlen33/RAxML_info.score:freq 0.200828 0.226771 0.274978 0.297423
raxmlboot.7188.c1c2-filterlen33/RAxML_info.score:freq 0.257427 0.219743 0.290179 0.232651
raxmlboot.7194.c1c2-filterlen33/RAxML_info.score:freq 0.249144 0.196449 0.292751 0.261657
raxmlboot.7212.c1c2-filterlen33/RAxML_info.score:freq 0.25918 0.244947 0.26754 0.228333
raxmlboot.7216.c1c2-filterlen33/RAxML_info.score:freq 0.265377 0.218 0.260092 0.256531
raxmlboot.7217.c1c2-filterlen33/RAxML_info.score:freq 0.296962 0.180544 0.281846 0.240649
raxmlboot.7220.c1c2-filterlen33/RAxML_info.score:freq 0.244608 0.226421 0.266229 0.262742
raxmlboot.7223.c1c2-filterlen33/RAxML_info.score:freq 0.25557 0.21008 0.240931 0.293419
raxmlboot.7230.c1c2-filterlen33/RAxML_info.score:freq 0.275756 0.223823 0.255351 0.24507
raxmlboot.7231.c1c2-filterlen33/RAxML_info.score:freq 0.328664 0.196816 0.273343 0.201178
raxmlboot.7242.c1c2-filterlen33/RAxML_info.score:freq 0.326911 0.207614 0.22971 0.235766
raxmlboot.7245.c1c2-filterlen33/RAxML_info.score:freq 0.267274 0.252936 0.244731 0.235059
raxmlboot.7250.c1c2-filterlen33/RAxML_info.score:freq 0.304741 0.194884 0.264827 0.235549
raxmlboot.7255.c1c2-filterlen33/RAxML_info.score:freq 0.350477 0.199635 0.320663 0.129225
raxmlboot.7260.c1c2-filterlen33/RAxML_info.score:freq 0.271171 0.202589 0.294817 0.231424
raxmlboot.7268.c1c2-filterlen33/RAxML_info.score:freq 0.32175 0.219381 0.258076 0.200792
raxmlboot.7269.c1c2-filterlen33/RAxML_info.score:freq 0.243313 0.236458 0.279597 0.240632
raxmlboot.7285.c1c2-filterlen33/RAxML_info.score:freq 0.345118 0.200941 0.265767 0.188175
raxmlboot.7289.c1c2-filterlen33/RAxML_info.score:freq 0.324473 0.208249 0.264431 0.202847
raxmlboot.7296.c1c2-filterlen33/RAxML_info.score:freq 0.328753 0.195391 0.284838 0.191017
raxmlboot.7300.c1c2-filterlen33/RAxML_info.score:freq 0.271504 0.220497 0.213484 0.294515
raxmlboot.7302.c1c2-filterlen33/RAxML_info.score:freq 0.344552 0.19287 0.264373 0.198204
raxmlboot.7303.c1c2-filterlen33/RAxML_info.score:freq 0.278588 0.214007 0.282799 0.224605
raxmlboot.7310.c1c2-filterlen33/RAxML_info.score:freq 0.223128 0.190035 0.339406 0.247431
raxmlboot.7312.c1c2-filterlen33/RAxML_info.score:freq 0.315897 0.210878 0.266203 0.207022
raxmlboot.7314.c1c2-filterlen33/RAxML_info.score:freq 0.259011 0.235792 0.263572 0.241625
raxmlboot.7318.c1c2-filterlen33/RAxML_info.score:freq 0.253943 0.221276 0.273234 0.251547
